#	A	C	D	E	F	G	H	I	K	L	M	N	P	Q	R	S	T	V	W	Y
thyme_enz_0	0.06481481481481481	0.018518518518518517	0.05555555555555555	0.08333333333333333	0.018518518518518517	0.05555555555555555	0.027777777777777776	0.1111111111111111	0.046296296296296294	0.09259259259259259	0.018518518518518517	0.05555555555555555	0.037037037037037035	0.009259259259259259	0.08333333333333333	0.037037037037037035	0.06481481481481481	0.046296296296296294	0.037037037037037035	0.037037037037037035
thyme_enz_1	0.06481481481481481	0.018518518518518517	0.05555555555555555	0.09259259259259259	0.018518518518518517	0.05555555555555555	0.027777777777777776	0.1111111111111111	0.05555555555555555	0.09259259259259259	0.018518518518518517	0.05555555555555555	0.037037037037037035	0.009259259259259259	0.08333333333333333	0.037037037037037035	0.05555555555555555	0.037037037037037035	0.037037037037037035	0.037037037037037035
thyme_enz_2	0.025252525252525252	0.015151515151515152	0.07575757575757576	0.08585858585858586	0.025252525252525252	0.05555555555555555	0.025252525252525252	0.050505050505050504	0.05555555555555555	0.10101010101010101	0.025252525252525252	0.045454545454545456	0.030303030303030304	0.050505050505050504	0.09090909090909091	0.08080808080808081	0.0707070707070707	0.050505050505050504	0.025252525252525252	0.015151515151515152
thyme_enz_3	0.052083333333333336	0.020833333333333332	0.07291666666666667	0.052083333333333336	0.0	0.041666666666666664	0.020833333333333332	0.08333333333333333	0.0625	0.0625	0.041666666666666664	0.020833333333333332	0.041666666666666664	0.03125	0.10416666666666667	0.03125	0.07291666666666667	0.07291666666666667	0.0625	0.052083333333333336
thyme_enz_4	0.04132231404958678	0.01652892561983471	0.0743801652892562	0.09090909090909091	0.01652892561983471	0.06611570247933884	0.01652892561983471	0.05785123966942149	0.04132231404958678	0.09090909090909091	0.03305785123966942	0.04132231404958678	0.049586776859504134	0.03305785123966942	0.10743801652892562	0.04132231404958678	0.04132231404958678	0.08264462809917356	0.03305785123966942	0.024793388429752067
thyme_enz_5	0.04484304932735426	0.013452914798206279	0.06726457399103139	0.08968609865470852	0.02242152466367713	0.04932735426008968	0.03139013452914798	0.06726457399103139	0.04932735426008968	0.07623318385650224	0.03587443946188341	0.03139013452914798	0.04484304932735426	0.04035874439461883	0.07623318385650224	0.053811659192825115	0.07623318385650224	0.06726457399103139	0.03139013452914798	0.03139013452914798
thyme_enz_6	0.03333333333333333	0.02	0.07333333333333333	0.10666666666666667	0.013333333333333334	0.05333333333333334	0.006666666666666667	0.06666666666666667	0.04	0.07333333333333333	0.03333333333333333	0.03333333333333333	0.05333333333333334	0.04	0.1	0.04	0.07333333333333333	0.08	0.02666666666666667	0.03333333333333333
thyme_enz_7	0.03333333333333333	0.02	0.07333333333333333	0.10666666666666667	0.013333333333333334	0.05333333333333334	0.006666666666666667	0.06666666666666667	0.04	0.07333333333333333	0.03333333333333333	0.03333333333333333	0.05333333333333334	0.04	0.1	0.04	0.07333333333333333	0.08	0.02666666666666667	0.03333333333333333
thyme_enz_8	0.060240963855421686	0.03614457831325301	0.024096385542168676	0.08433734939759036	0.024096385542168676	0.08433734939759036	0.024096385542168676	0.0963855421686747	0.024096385542168676	0.04819277108433735	0.03614457831325301	0.04819277108433735	0.012048192771084338	0.03614457831325301	0.060240963855421686	0.03614457831325301	0.12048192771084337	0.08433734939759036	0.024096385542168676	0.03614457831325301
thyme_enz_9	0.05415162454873646	0.021660649819494584	0.061371841155234655	0.07581227436823104	0.02888086642599278	0.06498194945848375	0.032490974729241874	0.06859205776173286	0.039711191335740074	0.07220216606498195	0.021660649819494584	0.05776173285198556	0.036101083032490974	0.04332129963898917	0.07942238267148015	0.04332129963898917	0.07581227436823104	0.07581227436823104	0.02527075812274368	0.021660649819494584
thyme_enz_10	0.05190311418685121	0.020761245674740483	0.06228373702422145	0.08304498269896193	0.02768166089965398	0.06920415224913495	0.031141868512110725	0.0726643598615917	0.03460207612456748	0.08304498269896193	0.020761245674740483	0.05190311418685121	0.03460207612456748	0.04152249134948097	0.07612456747404844	0.05190311418685121	0.06920415224913495	0.06920415224913495	0.02422145328719723	0.02422145328719723
thyme_enz_11	0.07228915662650602	0.024096385542168676	0.04819277108433735	0.060240963855421686	0.024096385542168676	0.0963855421686747	0.03614457831325301	0.08433734939759036	0.03614457831325301	0.03614457831325301	0.03614457831325301	0.012048192771084338	0.024096385542168676	0.03614457831325301	0.07228915662650602	0.03614457831325301	0.10843373493975904	0.07228915662650602	0.04819277108433735	0.03614457831325301
thyme_enz_12	0.04878048780487805	0.024390243902439025	0.04878048780487805	0.09146341463414634	0.03048780487804878	0.06707317073170732	0.018292682926829267	0.06097560975609756	0.042682926829268296	0.07926829268292683	0.03048780487804878	0.024390243902439025	0.036585365853658534	0.018292682926829267	0.09146341463414634	0.04878048780487805	0.08536585365853659	0.09146341463414634	0.03048780487804878	0.03048780487804878
thyme_enz_13	0.05172413793103448	0.013793103448275862	0.05862068965517241	0.06551724137931035	0.03793103448275862	0.05172413793103448	0.03793103448275862	0.06551724137931035	0.041379310344827586	0.09310344827586207	0.020689655172413793	0.05862068965517241	0.034482758620689655	0.05172413793103448	0.07241379310344828	0.07241379310344828	0.06551724137931035	0.05172413793103448	0.017241379310344827	0.03793103448275862
thyme_enz_14	0.04923076923076923	0.018461538461538463	0.04923076923076923	0.08615384615384615	0.024615384615384615	0.043076923076923075	0.021538461538461538	0.05846153846153846	0.043076923076923075	0.07076923076923076	0.04	0.07384615384615385	0.05846153846153846	0.033846153846153845	0.08307692307692308	0.052307692307692305	0.07384615384615385	0.06461538461538462	0.024615384615384615	0.03076923076923077
thyme_enz_15	0.05333333333333334	0.013333333333333334	0.05333333333333334	0.08	0.02	0.08666666666666667	0.02	0.08	0.04	0.05333333333333334	0.04	0.04	0.006666666666666667	0.02666666666666667	0.08666666666666667	0.06	0.1	0.08	0.03333333333333333	0.02666666666666667
thyme_enz_16	0.061224489795918366	0.013605442176870748	0.05442176870748299	0.08163265306122448	0.02040816326530612	0.08843537414965986	0.02040816326530612	0.08163265306122448	0.04081632653061224	0.05442176870748299	0.034013605442176874	0.034013605442176874	0.006802721088435374	0.027210884353741496	0.08843537414965986	0.047619047619047616	0.10204081632653061	0.08163265306122448	0.034013605442176874	0.027210884353741496
thyme_enz_17	0.0663265306122449	0.015306122448979591	0.04591836734693878	0.07142857142857142	0.03571428571428571	0.07142857142857142	0.015306122448979591	0.061224489795918366	0.04591836734693878	0.07653061224489796	0.04591836734693878	0.05102040816326531	0.02040816326530612	0.030612244897959183	0.07653061224489796	0.08163265306122448	0.0663265306122449	0.0663265306122449	0.02040816326530612	0.03571428571428571
thyme_enz_18	0.0425531914893617	0.01276595744680851	0.05106382978723404	0.07234042553191489	0.0425531914893617	0.06808510638297872	0.01702127659574468	0.07234042553191489	0.06808510638297872	0.08085106382978724	0.029787234042553193	0.05106382978723404	0.029787234042553193	0.0425531914893617	0.07659574468085106	0.05531914893617021	0.05531914893617021	0.07659574468085106	0.029787234042553193	0.02553191489361702
thyme_enz_19	0.062111801242236024	0.012422360248447204	0.043478260869565216	0.07453416149068323	0.055900621118012424	0.08695652173913043	0.024844720496894408	0.09937888198757763	0.037267080745341616	0.07453416149068323	0.018633540372670808	0.024844720496894408	0.024844720496894408	0.037267080745341616	0.08074534161490683	0.055900621118012424	0.07453416149068323	0.062111801242236024	0.024844720496894408	0.024844720496894408
thyme_enz_20	0.04484304932735426	0.017937219730941704	0.053811659192825115	0.08968609865470852	0.03587443946188341	0.06726457399103139	0.013452914798206279	0.06278026905829596	0.06278026905829596	0.08968609865470852	0.03139013452914798	0.03587443946188341	0.03587443946188341	0.03587443946188341	0.06726457399103139	0.07174887892376682	0.053811659192825115	0.08071748878923767	0.02242152466367713	0.026905829596412557
thyme_enz_21	0.04739336492890995	0.014218009478672985	0.052132701421800945	0.0947867298578199	0.023696682464454975	0.07109004739336493	0.014218009478672985	0.07109004739336493	0.061611374407582936	0.09004739336492891	0.02843601895734597	0.037914691943127965	0.037914691943127965	0.037914691943127965	0.07109004739336493	0.061611374407582936	0.05687203791469194	0.07582938388625593	0.023696682464454975	0.02843601895734597
thyme_enz_22	0.049723756906077346	0.016574585635359115	0.055248618784530384	0.09392265193370165	0.022099447513812154	0.08839779005524862	0.016574585635359115	0.06629834254143646	0.049723756906077346	0.0718232044198895	0.027624309392265192	0.027624309392265192	0.027624309392265192	0.04419889502762431	0.07734806629834254	0.06077348066298342	0.06629834254143646	0.08287292817679558	0.027624309392265192	0.027624309392265192
thyme_enz_23	0.05423728813559322	0.03389830508474576	0.04745762711864407	0.06440677966101695	0.03389830508474576	0.05084745762711865	0.02711864406779661	0.04745762711864407	0.04067796610169491	0.1016949152542373	0.03389830508474576	0.03728813559322034	0.03728813559322034	0.030508474576271188	0.09152542372881356	0.07457627118644068	0.0847457627118644	0.05423728813559322	0.020338983050847456	0.03389830508474576
thyme_enz_24	0.06779661016949153	0.03389830508474576	0.05649717514124294	0.0847457627118644	0.022598870056497175	0.05084745762711865	0.022598870056497175	0.05084745762711865	0.062146892655367235	0.07909604519774012	0.02824858757062147	0.02824858757062147	0.022598870056497175	0.03389830508474576	0.06779661016949153	0.04519774011299435	0.0903954802259887	0.0847457627118644	0.02824858757062147	0.03954802259887006
thyme_enz_25	0.057291666666666664	0.03125	0.052083333333333336	0.078125	0.026041666666666668	0.0625	0.020833333333333332	0.057291666666666664	0.0625	0.07291666666666667	0.03125	0.026041666666666668	0.026041666666666668	0.03125	0.06770833333333333	0.0625	0.08333333333333333	0.08333333333333333	0.03125	0.036458333333333336
thyme_enz_26	0.05042016806722689	0.025210084033613446	0.06722689075630252	0.07563025210084033	0.025210084033613446	0.03361344537815126	0.03361344537815126	0.08403361344537816	0.07563025210084033	0.1092436974789916	0.008403361344537815	0.03361344537815126	0.025210084033613446	0.04201680672268908	0.058823529411764705	0.09243697478991597	0.06722689075630252	0.05042016806722689	0.025210084033613446	0.01680672268907563
thyme_enz_27	0.06583072100313479	0.01567398119122257	0.05642633228840126	0.09090909090909091	0.0219435736677116	0.06896551724137931	0.025078369905956112	0.047021943573667714	0.050156739811912224	0.0877742946708464	0.034482758620689655	0.050156739811912224	0.03134796238244514	0.03134796238244514	0.07836990595611286	0.06583072100313479	0.07210031347962383	0.05956112852664577	0.018808777429467086	0.02821316614420063
thyme_enz_28	0.04285714285714286	0.014285714285714285	0.08571428571428572	0.07142857142857142	0.014285714285714285	0.05238095238095238	0.023809523809523808	0.04285714285714286	0.04285714285714286	0.10476190476190476	0.03333333333333333	0.05714285714285714	0.0380952380952381	0.047619047619047616	0.09047619047619047	0.06666666666666667	0.04285714285714286	0.0761904761904762	0.023809523809523808	0.02857142857142857
thyme_enz_29	0.04727272727272727	0.01818181818181818	0.06545454545454546	0.07636363636363637	0.01818181818181818	0.06181818181818182	0.03272727272727273	0.05090909090909091	0.05090909090909091	0.10181818181818182	0.02909090909090909	0.05454545454545454	0.03272727272727273	0.04363636363636364	0.08	0.05818181818181818	0.06181818181818182	0.06545454545454546	0.014545454545454545	0.03636363636363636
thyme_enz_30	0.07523510971786834	0.01567398119122257	0.06896551724137931	0.08463949843260188	0.0219435736677116	0.07210031347962383	0.03134796238244514	0.06269592476489028	0.03134796238244514	0.06583072100313479	0.0219435736677116	0.0438871473354232	0.034482758620689655	0.0438871473354232	0.08463949843260188	0.05642633228840126	0.07210031347962383	0.06896551724137931	0.02821316614420063	0.01567398119122257
thyme_enz_31	0.04716981132075472	0.018867924528301886	0.06132075471698113	0.07075471698113207	0.02358490566037736	0.05660377358490566	0.0330188679245283	0.07547169811320754	0.04716981132075472	0.08018867924528301	0.02358490566037736	0.05188679245283019	0.02358490566037736	0.04245283018867924	0.08490566037735849	0.07075471698113207	0.07075471698113207	0.0660377358490566	0.02830188679245283	0.02358490566037736
thyme_enz_32	0.04716981132075472	0.02358490566037736	0.06132075471698113	0.07075471698113207	0.02358490566037736	0.05660377358490566	0.0330188679245283	0.07547169811320754	0.04716981132075472	0.08018867924528301	0.02358490566037736	0.05188679245283019	0.02358490566037736	0.04245283018867924	0.08018867924528301	0.07075471698113207	0.07075471698113207	0.0660377358490566	0.02830188679245283	0.02358490566037736
thyme_enz_33	0.03759398496240601	0.015037593984962405	0.06015037593984962	0.06766917293233082	0.02631578947368421	0.06390977443609022	0.02631578947368421	0.06766917293233082	0.06015037593984962	0.09398496240601503	0.022556390977443608	0.04887218045112782	0.03759398496240601	0.04887218045112782	0.07894736842105263	0.05639097744360902	0.07894736842105263	0.06390977443609022	0.02631578947368421	0.018796992481203006
thyme_enz_34	0.02586206896551724	0.008620689655172414	0.06896551724137931	0.08620689655172414	0.02586206896551724	0.02586206896551724	0.04310344827586207	0.08620689655172414	0.05172413793103448	0.10344827586206896	0.034482758620689655	0.06896551724137931	0.05172413793103448	0.034482758620689655	0.07758620689655173	0.0603448275862069	0.04310344827586207	0.0603448275862069	0.008620689655172414	0.034482758620689655
thyme_enz_35	0.03345724907063197	0.01858736059479554	0.055762081784386616	0.048327137546468404	0.040892193308550186	0.05947955390334572	0.022304832713754646	0.07434944237918216	0.06319702602230483	0.10408921933085502	0.03345724907063197	0.04460966542750929	0.026022304832713755	0.048327137546468404	0.06691449814126393	0.07063197026022305	0.07806691449814127	0.06691449814126393	0.01858736059479554	0.026022304832713755
thyme_enz_36	0.037383177570093455	0.009345794392523364	0.07476635514018691	0.04672897196261682	0.018691588785046728	0.056074766355140186	0.04672897196261682	0.06542056074766354	0.028037383177570093	0.07476635514018691	0.018691588785046728	0.06542056074766354	0.018691588785046728	0.056074766355140186	0.09345794392523364	0.08411214953271028	0.09345794392523364	0.06542056074766354	0.018691588785046728	0.028037383177570093
thyme_enz_37	0.046610169491525424	0.00847457627118644	0.07627118644067797	0.07203389830508475	0.0211864406779661	0.05084745762711865	0.0211864406779661	0.0635593220338983	0.05084745762711865	0.08898305084745763	0.029661016949152543	0.0635593220338983	0.03389830508474576	0.05084745762711865	0.09322033898305085	0.05084745762711865	0.046610169491525424	0.0635593220338983	0.029661016949152543	0.038135593220338986
thyme_enz_38	0.0498220640569395	0.014234875444839857	0.06761565836298933	0.0711743772241993	0.02491103202846975	0.05693950177935943	0.021352313167259787	0.060498220640569395	0.046263345195729534	0.08540925266903915	0.03202846975088968	0.06405693950177936	0.028469750889679714	0.0498220640569395	0.08185053380782918	0.05693950177935943	0.060498220640569395	0.06761565836298933	0.02491103202846975	0.03558718861209965
thyme_enz_39	0.04416403785488959	0.01892744479495268	0.05993690851735016	0.08517350157728706	0.022082018927444796	0.06624605678233439	0.022082018927444796	0.056782334384858045	0.04416403785488959	0.08832807570977919	0.01892744479495268	0.03785488958990536	0.03785488958990536	0.04416403785488959	0.08517350157728706	0.056782334384858045	0.0946372239747634	0.0694006309148265	0.022082018927444796	0.025236593059936908
thyme_enz_40	0.040625	0.01875	0.0625	0.084375	0.021875	0.065625	0.021875	0.059375	0.053125	0.090625	0.021875	0.040625	0.03125	0.046875	0.075	0.0625	0.090625	0.06875	0.021875	0.021875
thyme_enz_41	0.058823529411764705	0.012605042016806723	0.06722689075630252	0.09243697478991597	0.012605042016806723	0.05042016806722689	0.029411764705882353	0.06302521008403361	0.0546218487394958	0.08823529411764706	0.029411764705882353	0.03361344537815126	0.037815126050420166	0.046218487394957986	0.09243697478991597	0.06302521008403361	0.046218487394957986	0.06722689075630252	0.025210084033613446	0.029411764705882353
thyme_enz_42	0.05396825396825397	0.01904761904761905	0.06984126984126984	0.07936507936507936	0.022222222222222223	0.06031746031746032	0.022222222222222223	0.05396825396825397	0.044444444444444446	0.09206349206349207	0.022222222222222223	0.03492063492063492	0.0380952380952381	0.04126984126984127	0.08253968253968254	0.0761904761904762	0.07301587301587302	0.06349206349206349	0.022222222222222223	0.02857142857142857
thyme_enz_43	0.05396825396825397	0.01904761904761905	0.06984126984126984	0.07936507936507936	0.022222222222222223	0.06031746031746032	0.022222222222222223	0.05396825396825397	0.044444444444444446	0.09206349206349207	0.022222222222222223	0.03492063492063492	0.0380952380952381	0.04126984126984127	0.08253968253968254	0.0761904761904762	0.07301587301587302	0.06349206349206349	0.022222222222222223	0.02857142857142857
thyme_enz_44	0.06538461538461539	0.019230769230769232	0.07307692307692308	0.08461538461538462	0.019230769230769232	0.05384615384615385	0.03076923076923077	0.06923076923076923	0.05	0.08846153846153847	0.026923076923076925	0.038461538461538464	0.03461538461538462	0.03076923076923077	0.07307692307692308	0.06153846153846154	0.06923076923076923	0.05384615384615385	0.026923076923076925	0.03076923076923077
thyme_enz_45	0.050505050505050504	0.02356902356902357	0.06734006734006734	0.07744107744107744	0.020202020202020204	0.06397306397306397	0.026936026936026935	0.06734006734006734	0.04377104377104377	0.08754208754208755	0.02356902356902357	0.037037037037037035	0.02356902356902357	0.050505050505050504	0.08080808080808081	0.06060606060606061	0.08754208754208755	0.05387205387205387	0.02356902356902357	0.030303030303030304
thyme_enz_46	0.037037037037037035	0.027777777777777776	0.06481481481481481	0.09259259259259259	0.009259259259259259	0.06481481481481481	0.037037037037037035	0.06481481481481481	0.037037037037037035	0.09259259259259259	0.018518518518518517	0.046296296296296294	0.018518518518518517	0.06481481481481481	0.07407407407407407	0.06481481481481481	0.1111111111111111	0.037037037037037035	0.018518518518518517	0.018518518518518517
thyme_enz_47	0.04827586206896552	0.020689655172413793	0.07586206896551724	0.08275862068965517	0.013793103448275862	0.05517241379310345	0.027586206896551724	0.05517241379310345	0.041379310344827586	0.1103448275862069	0.020689655172413793	0.04827586206896552	0.034482758620689655	0.06206896551724138	0.07586206896551724	0.07586206896551724	0.08275862068965517	0.034482758620689655	0.013793103448275862	0.020689655172413793
thyme_enz_48	0.04142011834319527	0.011834319526627219	0.07692307692307693	0.08875739644970414	0.023668639053254437	0.04142011834319527	0.029585798816568046	0.04142011834319527	0.047337278106508875	0.10059171597633136	0.03550295857988166	0.03550295857988166	0.047337278106508875	0.047337278106508875	0.08284023668639054	0.07100591715976332	0.0650887573964497	0.0650887573964497	0.011834319526627219	0.03550295857988166
thyme_enz_49	0.04824561403508772	0.017543859649122806	0.07017543859649122	0.08333333333333333	0.021929824561403508	0.05701754385964912	0.03508771929824561	0.07894736842105263	0.03508771929824561	0.08333333333333333	0.021929824561403508	0.05263157894736842	0.043859649122807015	0.043859649122807015	0.09210526315789473	0.043859649122807015	0.05263157894736842	0.06578947368421052	0.03070175438596491	0.021929824561403508
thyme_enz_50	0.039301310043668124	0.021834061135371178	0.07423580786026202	0.07423580786026202	0.017467248908296942	0.056768558951965066	0.03056768558951965	0.06550218340611354	0.039301310043668124	0.07860262008733625	0.026200873362445413	0.05240174672489083	0.039301310043668124	0.043668122270742356	0.10043668122270742	0.048034934497816595	0.06550218340611354	0.06986899563318777	0.03056768558951965	0.026200873362445413
thyme_enz_51	0.05063291139240506	0.015822784810126583	0.060126582278481014	0.08227848101265822	0.02531645569620253	0.04746835443037975	0.022151898734177215	0.060126582278481014	0.04746835443037975	0.08227848101265822	0.02531645569620253	0.05063291139240506	0.03481012658227848	0.04430379746835443	0.08227848101265822	0.07911392405063292	0.07278481012658228	0.06962025316455696	0.022151898734177215	0.02531645569620253
thyme_enz_52	0.04746835443037975	0.015822784810126583	0.060126582278481014	0.08227848101265822	0.028481012658227847	0.04746835443037975	0.02531645569620253	0.06645569620253164	0.05063291139240506	0.07911392405063292	0.02531645569620253	0.04746835443037975	0.03481012658227848	0.04746835443037975	0.08227848101265822	0.06962025316455696	0.07278481012658228	0.06962025316455696	0.022151898734177215	0.02531645569620253
thyme_enz_53	0.04746835443037975	0.015822784810126583	0.06329113924050633	0.07911392405063292	0.028481012658227847	0.04746835443037975	0.022151898734177215	0.060126582278481014	0.05063291139240506	0.0759493670886076	0.028481012658227847	0.04746835443037975	0.03481012658227848	0.04746835443037975	0.08227848101265822	0.0759493670886076	0.07278481012658228	0.07278481012658228	0.022151898734177215	0.02531645569620253
thyme_enz_54	0.0473186119873817	0.015772870662460567	0.05993690851735016	0.08201892744479496	0.025236593059936908	0.0473186119873817	0.022082018927444796	0.056782334384858045	0.05362776025236593	0.07886435331230283	0.025236593059936908	0.0473186119873817	0.03470031545741325	0.04416403785488959	0.08201892744479496	0.08201892744479496	0.07570977917981073	0.07255520504731862	0.022082018927444796	0.025236593059936908
thyme_enz_55	0.04113924050632911	0.015822784810126583	0.056962025316455694	0.08227848101265822	0.028481012658227847	0.04746835443037975	0.022151898734177215	0.060126582278481014	0.05379746835443038	0.07911392405063292	0.02531645569620253	0.04430379746835443	0.03164556962025317	0.04430379746835443	0.08227848101265822	0.0759493670886076	0.08860759493670886	0.07278481012658228	0.022151898734177215	0.02531645569620253
thyme_enz_56	0.04113924050632911	0.015822784810126583	0.056962025316455694	0.08227848101265822	0.02531645569620253	0.05063291139240506	0.02531645569620253	0.06329113924050633	0.05063291139240506	0.0759493670886076	0.02531645569620253	0.05063291139240506	0.03481012658227848	0.0379746835443038	0.08227848101265822	0.0759493670886076	0.08544303797468354	0.07278481012658228	0.022151898734177215	0.02531645569620253
thyme_enz_57	0.042483660130718956	0.016339869281045753	0.05555555555555555	0.08169934640522876	0.02287581699346405	0.05228758169934641	0.029411764705882353	0.0718954248366013	0.042483660130718956	0.08169934640522876	0.026143790849673203	0.0457516339869281	0.029411764705882353	0.05555555555555555	0.08823529411764706	0.06535947712418301	0.08496732026143791	0.058823529411764705	0.02287581699346405	0.026143790849673203
thyme_enz_58	0.04501607717041801	0.01929260450160772	0.06109324758842444	0.08038585209003216	0.022508038585209004	0.04501607717041801	0.022508038585209004	0.0707395498392283	0.04501607717041801	0.07395498392282958	0.028938906752411574	0.04823151125401929	0.03858520900321544	0.04823151125401929	0.08360128617363344	0.07717041800643087	0.07717041800643087	0.06109324758842444	0.022508038585209004	0.028938906752411574
thyme_enz_59	0.04501607717041801	0.01929260450160772	0.06109324758842444	0.08038585209003216	0.022508038585209004	0.04501607717041801	0.022508038585209004	0.0707395498392283	0.04501607717041801	0.07395498392282958	0.028938906752411574	0.04823151125401929	0.03858520900321544	0.04823151125401929	0.08360128617363344	0.07717041800643087	0.07717041800643087	0.06109324758842444	0.022508038585209004	0.028938906752411574
thyme_enz_60	0.04501607717041801	0.01929260450160772	0.06109324758842444	0.08038585209003216	0.022508038585209004	0.04501607717041801	0.022508038585209004	0.0707395498392283	0.04501607717041801	0.07395498392282958	0.03215434083601286	0.04823151125401929	0.03858520900321544	0.04823151125401929	0.08360128617363344	0.07717041800643087	0.07395498392282958	0.06109324758842444	0.022508038585209004	0.028938906752411574
thyme_enz_61	0.04501607717041801	0.012861736334405145	0.05787781350482315	0.07717041800643087	0.022508038585209004	0.04823151125401929	0.022508038585209004	0.06752411575562701	0.04180064308681672	0.07395498392282958	0.028938906752411574	0.04823151125401929	0.04180064308681672	0.05144694533762058	0.08681672025723473	0.0707395498392283	0.08038585209003216	0.06752411575562701	0.022508038585209004	0.03215434083601286
thyme_enz_62	0.023121387283236993	0.011560693641618497	0.06936416184971098	0.08670520231213873	0.017341040462427744	0.04046242774566474	0.023121387283236993	0.06358381502890173	0.046242774566473986	0.09248554913294797	0.04046242774566474	0.057803468208092484	0.05202312138728324	0.07514450867052024	0.07514450867052024	0.07514450867052024	0.057803468208092484	0.05202312138728324	0.017341040462427744	0.023121387283236993
thyme_enz_63	0.036303630363036306	0.013201320132013201	0.06930693069306931	0.06930693069306931	0.026402640264026403	0.0627062706270627	0.026402640264026403	0.0627062706270627	0.056105610561056105	0.10231023102310231	0.019801980198019802	0.0462046204620462	0.033003300330033	0.056105610561056105	0.06930693069306931	0.06930693069306931	0.08250825082508251	0.056105610561056105	0.0231023102310231	0.019801980198019802
thyme_enz_64	0.039735099337748346	0.013245033112582781	0.06622516556291391	0.0695364238410596	0.019867549668874173	0.07947019867549669	0.023178807947019868	0.056291390728476824	0.046357615894039736	0.08940397350993377	0.023178807947019868	0.04304635761589404	0.033112582781456956	0.052980132450331126	0.0728476821192053	0.06622516556291391	0.08609271523178808	0.0695364238410596	0.023178807947019868	0.026490066225165563
thyme_enz_65	0.05194805194805195	0.012987012987012988	0.06493506493506493	0.07142857142857142	0.01948051948051948	0.07142857142857142	0.022727272727272728	0.05519480519480519	0.048701298701298704	0.09415584415584416	0.022727272727272728	0.04220779220779221	0.02922077922077922	0.05194805194805195	0.06818181818181818	0.06818181818181818	0.08441558441558442	0.07142857142857142	0.022727272727272728	0.025974025974025976
thyme_enz_66	0.045454545454545456	0.012987012987012988	0.06493506493506493	0.07142857142857142	0.01948051948051948	0.07467532467532467	0.01948051948051948	0.05194805194805195	0.048701298701298704	0.09415584415584416	0.022727272727272728	0.04220779220779221	0.02922077922077922	0.05519480519480519	0.06818181818181818	0.07142857142857142	0.08441558441558442	0.07467532467532467	0.022727272727272728	0.025974025974025976
thyme_enz_67	0.048701298701298704	0.012987012987012988	0.06493506493506493	0.07142857142857142	0.01948051948051948	0.07467532467532467	0.01948051948051948	0.05194805194805195	0.048701298701298704	0.09740259740259741	0.022727272727272728	0.04220779220779221	0.02922077922077922	0.05194805194805195	0.06818181818181818	0.06818181818181818	0.08441558441558442	0.07467532467532467	0.022727272727272728	0.025974025974025976
thyme_enz_68	0.04262295081967213	0.013114754098360656	0.06229508196721312	0.07868852459016394	0.019672131147540985	0.07540983606557378	0.022950819672131147	0.05573770491803279	0.04918032786885246	0.09180327868852459	0.022950819672131147	0.03934426229508197	0.03278688524590164	0.04918032786885246	0.07213114754098361	0.06885245901639345	0.08524590163934426	0.06885245901639345	0.022950819672131147	0.02622950819672131
thyme_enz_69	0.04590163934426229	0.01639344262295082	0.06229508196721312	0.07213114754098361	0.019672131147540985	0.07540983606557378	0.022950819672131147	0.05245901639344262	0.04262295081967213	0.08852459016393442	0.022950819672131147	0.04590163934426229	0.03278688524590164	0.05573770491803279	0.07213114754098361	0.06557377049180328	0.08524590163934426	0.07213114754098361	0.022950819672131147	0.02622950819672131
thyme_enz_70	0.039735099337748346	0.016556291390728478	0.06622516556291391	0.0695364238410596	0.019867549668874173	0.076158940397351	0.023178807947019868	0.056291390728476824	0.04966887417218543	0.09271523178807947	0.023178807947019868	0.039735099337748346	0.029801324503311258	0.056291390728476824	0.0695364238410596	0.06291390728476821	0.08609271523178808	0.0728476821192053	0.023178807947019868	0.026490066225165563
thyme_enz_71	0.04276315789473684	0.013157894736842105	0.06578947368421052	0.06907894736842106	0.019736842105263157	0.07236842105263158	0.023026315789473683	0.049342105263157895	0.046052631578947366	0.08881578947368421	0.023026315789473683	0.039473684210526314	0.029605263157894735	0.05592105263157895	0.06578947368421052	0.07236842105263158	0.09539473684210527	0.07894736842105263	0.023026315789473683	0.02631578947368421
thyme_enz_72	0.04590163934426229	0.01639344262295082	0.06557377049180328	0.07540983606557378	0.019672131147540985	0.07213114754098361	0.022950819672131147	0.05573770491803279	0.05245901639344262	0.08852459016393442	0.022950819672131147	0.03934426229508197	0.03278688524590164	0.05573770491803279	0.06557377049180328	0.06557377049180328	0.08524590163934426	0.06885245901639345	0.022950819672131147	0.02622950819672131
thyme_enz_73	0.04590163934426229	0.01639344262295082	0.06557377049180328	0.07213114754098361	0.019672131147540985	0.07540983606557378	0.022950819672131147	0.05245901639344262	0.04262295081967213	0.08852459016393442	0.022950819672131147	0.04262295081967213	0.03278688524590164	0.05573770491803279	0.07213114754098361	0.06557377049180328	0.08524590163934426	0.07213114754098361	0.022950819672131147	0.02622950819672131
thyme_enz_74	0.04590163934426229	0.01639344262295082	0.06557377049180328	0.07213114754098361	0.019672131147540985	0.07540983606557378	0.022950819672131147	0.05245901639344262	0.04262295081967213	0.08852459016393442	0.022950819672131147	0.04262295081967213	0.029508196721311476	0.05573770491803279	0.07213114754098361	0.06885245901639345	0.08524590163934426	0.07213114754098361	0.022950819672131147	0.02622950819672131
thyme_enz_75	0.04590163934426229	0.01639344262295082	0.06557377049180328	0.07213114754098361	0.019672131147540985	0.07868852459016394	0.022950819672131147	0.05245901639344262	0.04262295081967213	0.08852459016393442	0.022950819672131147	0.04262295081967213	0.03278688524590164	0.05573770491803279	0.07213114754098361	0.06229508196721312	0.08524590163934426	0.07213114754098361	0.022950819672131147	0.02622950819672131
thyme_enz_76	0.04590163934426229	0.01639344262295082	0.06229508196721312	0.07213114754098361	0.019672131147540985	0.07868852459016394	0.02622950819672131	0.05245901639344262	0.04262295081967213	0.08852459016393442	0.022950819672131147	0.04262295081967213	0.029508196721311476	0.05573770491803279	0.07213114754098361	0.06557377049180328	0.08524590163934426	0.07213114754098361	0.022950819672131147	0.02622950819672131
thyme_enz_77	0.04590163934426229	0.01639344262295082	0.06229508196721312	0.07213114754098361	0.019672131147540985	0.07540983606557378	0.022950819672131147	0.05245901639344262	0.04262295081967213	0.08852459016393442	0.022950819672131147	0.04590163934426229	0.029508196721311476	0.05573770491803279	0.07213114754098361	0.06885245901639345	0.08524590163934426	0.07213114754098361	0.022950819672131147	0.02622950819672131
thyme_enz_78	0.07164179104477612	0.01791044776119403	0.056716417910447764	0.08059701492537313	0.026865671641791045	0.05373134328358209	0.023880597014925373	0.04477611940298507	0.03880597014925373	0.07462686567164178	0.03283582089552239	0.050746268656716415	0.03582089552238806	0.026865671641791045	0.08955223880597014	0.09253731343283582	0.08059701492537313	0.056716417910447764	0.020895522388059702	0.023880597014925373
thyme_enz_79	0.039634146341463415	0.018292682926829267	0.07621951219512195	0.06707317073170732	0.024390243902439025	0.051829268292682924	0.027439024390243903	0.054878048780487805	0.04573170731707317	0.09146341463414634	0.03353658536585366	0.04573170731707317	0.036585365853658534	0.042682926829268296	0.09146341463414634	0.07926829268292683	0.06707317073170732	0.06097560975609756	0.021341463414634148	0.024390243902439025
thyme_enz_80	0.055900621118012424	0.012422360248447204	0.06521739130434782	0.09627329192546584	0.024844720496894408	0.052795031055900624	0.027950310559006212	0.059006211180124224	0.06832298136645963	0.08385093167701864	0.018633540372670808	0.034161490683229816	0.027950310559006212	0.034161490683229816	0.07763975155279502	0.06832298136645963	0.07453416149068323	0.07142857142857142	0.021739130434782608	0.024844720496894408
thyme_enz_81	0.06811145510835913	0.021671826625386997	0.058823529411764705	0.07430340557275542	0.02476780185758514	0.07430340557275542	0.02476780185758514	0.058823529411764705	0.03715170278637771	0.08359133126934984	0.018575851393188854	0.03715170278637771	0.030959752321981424	0.04643962848297214	0.07739938080495357	0.06501547987616099	0.07120743034055728	0.07739938080495357	0.021671826625386997	0.02786377708978328
thyme_enz_82	0.07560137457044673	0.020618556701030927	0.054982817869415807	0.07560137457044673	0.027491408934707903	0.08247422680412371	0.027491408934707903	0.061855670103092786	0.03436426116838488	0.0859106529209622	0.013745704467353952	0.037800687285223365	0.027491408934707903	0.044673539518900345	0.07216494845360824	0.06529209621993128	0.07216494845360824	0.07560137457044673	0.020618556701030927	0.024054982817869417
thyme_enz_83	0.04696132596685083	0.019337016574585635	0.052486187845303865	0.06906077348066299	0.03591160220994475	0.06629834254143646	0.03314917127071823	0.058011049723756904	0.052486187845303865	0.09116022099447514	0.022099447513812154	0.03867403314917127	0.024861878453038673	0.03314917127071823	0.0856353591160221	0.0718232044198895	0.07458563535911603	0.06906077348066299	0.019337016574585635	0.03591160220994475
thyme_enz_84	0.040625	0.015625	0.05625	0.075	0.025	0.06875	0.025	0.06875	0.0625	0.08125	0.028125	0.05	0.025	0.0375	0.084375	0.06875	0.071875	0.0625	0.021875	0.03125
thyme_enz_85	0.059375	0.01875	0.065625	0.084375	0.015625	0.059375	0.028125	0.059375	0.05	0.096875	0.025	0.0375	0.034375	0.034375	0.08125	0.06875	0.071875	0.059375	0.021875	0.028125
thyme_enz_86	0.05396825396825397	0.01904761904761905	0.06666666666666667	0.08571428571428572	0.015873015873015872	0.06031746031746032	0.025396825396825397	0.06349206349206349	0.05396825396825397	0.09206349206349207	0.025396825396825397	0.03492063492063492	0.0380952380952381	0.04126984126984127	0.0761904761904762	0.06666666666666667	0.07301587301587302	0.05714285714285714	0.022222222222222223	0.02857142857142857
thyme_enz_87	0.056074766355140186	0.018691588785046728	0.06542056074766354	0.08411214953271028	0.021806853582554516	0.06542056074766354	0.021806853582554516	0.056074766355140186	0.04672897196261682	0.08722741433021806	0.028037383177570093	0.037383177570093455	0.021806853582554516	0.056074766355140186	0.08411214953271028	0.06853582554517133	0.06853582554517133	0.06230529595015576	0.021806853582554516	0.028037383177570093
thyme_enz_88	0.0440251572327044	0.018867924528301886	0.06918238993710692	0.09433962264150944	0.018867924528301886	0.06918238993710692	0.025157232704402517	0.06289308176100629	0.04716981132075472	0.09119496855345911	0.025157232704402517	0.040880503144654086	0.031446540880503145	0.040880503144654086	0.08176100628930817	0.059748427672955975	0.06918238993710692	0.06289308176100629	0.0220125786163522	0.025157232704402517
thyme_enz_89	0.040880503144654086	0.018867924528301886	0.06918238993710692	0.09119496855345911	0.018867924528301886	0.06918238993710692	0.025157232704402517	0.06289308176100629	0.050314465408805034	0.09119496855345911	0.025157232704402517	0.03773584905660377	0.03459119496855346	0.040880503144654086	0.07861635220125786	0.06289308176100629	0.06918238993710692	0.0660377358490566	0.0220125786163522	0.025157232704402517
thyme_enz_90	0.07961783439490445	0.01592356687898089	0.05732484076433121	0.07961783439490445	0.022292993630573247	0.06369426751592357	0.022292993630573247	0.06050955414012739	0.041401273885350316	0.08598726114649681	0.022292993630573247	0.054140127388535034	0.028662420382165606	0.03821656050955414	0.08917197452229299	0.06050955414012739	0.07006369426751592	0.06050955414012739	0.022292993630573247	0.025477707006369428
thyme_enz_91	0.0670926517571885	0.019169329073482427	0.06389776357827476	0.07667731629392971	0.022364217252396165	0.0670926517571885	0.025559105431309903	0.05750798722044728	0.038338658146964855	0.08306709265175719	0.022364217252396165	0.04792332268370607	0.03194888178913738	0.038338658146964855	0.08626198083067092	0.05750798722044728	0.07667731629392971	0.07028753993610223	0.022364217252396165	0.025559105431309903
thyme_enz_92	0.07028753993610223	0.019169329073482427	0.06070287539936102	0.07987220447284345	0.022364217252396165	0.07028753993610223	0.025559105431309903	0.0670926517571885	0.04472843450479233	0.08306709265175719	0.022364217252396165	0.04472843450479233	0.02875399361022364	0.04472843450479233	0.08306709265175719	0.054313099041533544	0.0670926517571885	0.06389776357827476	0.022364217252396165	0.025559105431309903
thyme_enz_93	0.07395498392282958	0.01929260450160772	0.06430868167202572	0.08038585209003216	0.022508038585209004	0.06752411575562701	0.02572347266881029	0.06430868167202572	0.04180064308681672	0.08360128617363344	0.022508038585209004	0.05144694533762058	0.03215434083601286	0.03858520900321544	0.08360128617363344	0.05144694533762058	0.06752411575562701	0.06109324758842444	0.022508038585209004	0.02572347266881029
thyme_enz_94	0.07961783439490445	0.022292993630573247	0.06050955414012739	0.08280254777070063	0.022292993630573247	0.06687898089171974	0.025477707006369428	0.06050955414012739	0.041401273885350316	0.08598726114649681	0.025477707006369428	0.054140127388535034	0.03184713375796178	0.03821656050955414	0.08280254777070063	0.04777070063694268	0.06369426751592357	0.06369426751592357	0.022292993630573247	0.022292993630573247
thyme_enz_95	0.07961783439490445	0.022292993630573247	0.06050955414012739	0.08280254777070063	0.025477707006369428	0.06687898089171974	0.025477707006369428	0.06050955414012739	0.041401273885350316	0.08598726114649681	0.025477707006369428	0.054140127388535034	0.03184713375796178	0.03821656050955414	0.08280254777070063	0.04777070063694268	0.06369426751592357	0.06050955414012739	0.022292993630573247	0.022292993630573247
thyme_enz_96	0.06493506493506493	0.025974025974025976	0.05519480519480519	0.08116883116883117	0.025974025974025976	0.07467532467532467	0.025974025974025976	0.06168831168831169	0.02922077922077922	0.08441558441558442	0.022727272727272728	0.04220779220779221	0.032467532467532464	0.04220779220779221	0.07792207792207792	0.06493506493506493	0.07142857142857142	0.06818181818181818	0.022727272727272728	0.025974025974025976
thyme_enz_97	0.06451612903225806	0.02258064516129032	0.07096774193548387	0.06774193548387097	0.025806451612903226	0.06774193548387097	0.025806451612903226	0.06774193548387097	0.035483870967741936	0.08064516129032258	0.02903225806451613	0.04838709677419355	0.03225806451612903	0.04838709677419355	0.07419354838709677	0.04516129032258064	0.07096774193548387	0.07419354838709677	0.02258064516129032	0.025806451612903226
