#	A	C	D	E	F	G	H	I	K	L	M	N	P	Q	R	S	T	V	W	Y
enz_0	0.05917159763313609	0.014792899408284023	0.0650887573964497	0.07692307692307693	0.014792899408284023	0.07396449704142012	0.023668639053254437	0.05917159763313609	0.04142011834319527	0.09467455621301775	0.026627218934911243	0.038461538461538464	0.029585798816568046	0.03550295857988166	0.08579881656804733	0.0621301775147929	0.05917159763313609	0.08284023668639054	0.020710059171597635	0.03550295857988166
enz_1	0.052307692307692305	0.012307692307692308	0.07076923076923076	0.05846153846153846	0.021538461538461538	0.07076923076923076	0.012307692307692308	0.046153846153846156	0.04923076923076923	0.08923076923076922	0.04	0.036923076923076927	0.036923076923076927	0.033846153846153845	0.07384615384615385	0.06769230769230769	0.08	0.09230769230769231	0.036923076923076927	0.018461538461538463
enz_2	0.15286624203821655	0.01592356687898089	0.03184713375796178	0.07006369426751592	0.01910828025477707	0.07961783439490445	0.03821656050955414	0.022292993630573247	0.01910828025477707	0.0732484076433121	0.03184713375796178	0.044585987261146494	0.050955414012738856	0.03821656050955414	0.08917197452229299	0.04777070063694268	0.04777070063694268	0.08598726114649681	0.028662420382165606	0.012738853503184714
enz_3	0.046153846153846156	0.009230769230769232	0.07076923076923076	0.05846153846153846	0.018461538461538463	0.07384615384615385	0.012307692307692308	0.043076923076923075	0.04923076923076923	0.09230769230769231	0.046153846153846156	0.033846153846153845	0.036923076923076927	0.033846153846153845	0.07076923076923076	0.07384615384615385	0.07384615384615385	0.09846153846153846	0.036923076923076927	0.021538461538461538
enz_4	0.046153846153846156	0.009230769230769232	0.07384615384615385	0.06153846153846154	0.018461538461538463	0.07384615384615385	0.012307692307692308	0.043076923076923075	0.046153846153846156	0.09230769230769231	0.046153846153846156	0.036923076923076927	0.033846153846153845	0.033846153846153845	0.07384615384615385	0.07384615384615385	0.07384615384615385	0.09538461538461539	0.036923076923076927	0.018461538461538463
enz_5	0.046153846153846156	0.009230769230769232	0.07076923076923076	0.05846153846153846	0.018461538461538463	0.07076923076923076	0.012307692307692308	0.043076923076923075	0.046153846153846156	0.09230769230769231	0.046153846153846156	0.04	0.033846153846153845	0.033846153846153845	0.07384615384615385	0.07692307692307693	0.07692307692307693	0.09538461538461539	0.036923076923076927	0.018461538461538463
enz_6	0.046153846153846156	0.009230769230769232	0.07384615384615385	0.05846153846153846	0.018461538461538463	0.07384615384615385	0.012307692307692308	0.043076923076923075	0.04923076923076923	0.09230769230769231	0.04923076923076923	0.033846153846153845	0.036923076923076927	0.033846153846153845	0.07076923076923076	0.07384615384615385	0.07384615384615385	0.09538461538461539	0.036923076923076927	0.018461538461538463
enz_7	0.04666666666666667	0.016666666666666666	0.06	0.07666666666666666	0.03	0.07333333333333333	0.03333333333333333	0.06	0.04666666666666667	0.08333333333333333	0.02	0.04	0.04666666666666667	0.023333333333333334	0.07	0.08	0.06666666666666667	0.08666666666666667	0.023333333333333334	0.016666666666666666
enz_8	0.07384615384615385	0.012307692307692308	0.06461538461538462	0.06461538461538462	0.018461538461538463	0.06769230769230769	0.027692307692307693	0.055384615384615386	0.04	0.09846153846153846	0.03076923076923077	0.036923076923076927	0.04	0.033846153846153845	0.07384615384615385	0.06769230769230769	0.06461538461538462	0.07076923076923076	0.036923076923076927	0.021538461538461538
enz_9	0.06060606060606061	0.00909090909090909	0.06363636363636363	0.0696969696969697	0.01818181818181818	0.07878787878787878	0.024242424242424242	0.048484848484848485	0.05454545454545454	0.10303030303030303	0.03333333333333333	0.03939393939393939	0.045454545454545456	0.02727272727272727	0.06666666666666667	0.06363636363636363	0.06363636363636363	0.07878787878787878	0.03333333333333333	0.01818181818181818
enz_10	0.057926829268292686	0.018292682926829267	0.0701219512195122	0.054878048780487805	0.024390243902439025	0.07317073170731707	0.039634146341463415	0.039634146341463415	0.04878048780487805	0.07926829268292683	0.04573170731707317	0.036585365853658534	0.036585365853658534	0.03353658536585366	0.07621951219512195	0.0701219512195122	0.04878048780487805	0.09146341463414634	0.036585365853658534	0.018292682926829267
enz_11	0.03951367781155015	0.0182370820668693	0.06382978723404255	0.0668693009118541	0.02127659574468085	0.0729483282674772	0.0182370820668693	0.0668693009118541	0.0547112462006079	0.0851063829787234	0.03951367781155015	0.0425531914893617	0.03951367781155015	0.03343465045592705	0.06990881458966565	0.07598784194528875	0.0668693009118541	0.0729483282674772	0.030395136778115502	0.02127659574468085
enz_12	0.030959752321981424	0.018575851393188854	0.07120743034055728	0.06191950464396285	0.034055727554179564	0.06811145510835913	0.015479876160990712	0.04953560371517028	0.05572755417956656	0.08668730650154799	0.04643962848297214	0.030959752321981424	0.04024767801857585	0.034055727554179564	0.07739938080495357	0.08359133126934984	0.07430340557275542	0.07120743034055728	0.02786377708978328	0.021671826625386997
enz_13	0.03343465045592705	0.0182370820668693	0.06382978723404255	0.0668693009118541	0.0243161094224924	0.06990881458966565	0.02127659574468085	0.060790273556231005	0.0668693009118541	0.09422492401215805	0.030395136778115502	0.0425531914893617	0.0425531914893617	0.02735562310030395	0.0668693009118541	0.08206686930091185	0.0790273556231003	0.060790273556231005	0.0243161094224924	0.0243161094224924
enz_14	0.03939393939393939	0.015151515151515152	0.06363636363636363	0.06666666666666667	0.024242424242424242	0.06666666666666667	0.02727272727272727	0.06060606060606061	0.048484848484848485	0.08484848484848485	0.04242424242424243	0.051515151515151514	0.03636363636363636	0.02727272727272727	0.08181818181818182	0.07878787878787878	0.07272727272727272	0.06363636363636363	0.030303030303030304	0.01818181818181818
enz_15	0.048484848484848485	0.00909090909090909	0.0696969696969697	0.0696969696969697	0.021212121212121213	0.0696969696969697	0.021212121212121213	0.048484848484848485	0.05454545454545454	0.09393939393939393	0.03636363636363636	0.051515151515151514	0.048484848484848485	0.030303030303030304	0.0696969696969697	0.06666666666666667	0.06060606060606061	0.08181818181818182	0.03333333333333333	0.015151515151515152
enz_16	0.039634146341463415	0.01524390243902439	0.06402439024390244	0.057926829268292686	0.024390243902439025	0.0701219512195122	0.021341463414634148	0.057926829268292686	0.06097560975609756	0.09451219512195122	0.03353658536585366	0.042682926829268296	0.03353658536585366	0.03353658536585366	0.06707317073170732	0.08841463414634146	0.07317073170731707	0.07926829268292683	0.021341463414634148	0.021341463414634148
enz_17	0.03951367781155015	0.00911854103343465	0.06990881458966565	0.0729483282674772	0.02127659574468085	0.07598784194528875	0.015197568389057751	0.05167173252279635	0.05167173252279635	0.08814589665653495	0.03951367781155015	0.0486322188449848	0.0547112462006079	0.030395136778115502	0.0668693009118541	0.0668693009118541	0.060790273556231005	0.08206686930091185	0.03343465045592705	0.02127659574468085
enz_18	0.045871559633027525	0.01529051987767584	0.06422018348623854	0.0672782874617737	0.024464831804281346	0.0672782874617737	0.024464831804281346	0.05198776758409786	0.05198776758409786	0.09174311926605505	0.03363914373088685	0.0581039755351682	0.03058103975535168	0.027522935779816515	0.08256880733944955	0.07339449541284404	0.07033639143730887	0.07033639143730887	0.027522935779816515	0.021406727828746176
enz_19	0.03333333333333333	0.015151515151515152	0.0696969696969697	0.05757575757575758	0.021212121212121213	0.0696969696969697	0.021212121212121213	0.05757575757575758	0.051515151515151514	0.08787878787878788	0.03636363636363636	0.048484848484848485	0.03636363636363636	0.030303030303030304	0.06666666666666667	0.09090909090909091	0.07878787878787878	0.07878787878787878	0.030303030303030304	0.01818181818181818
enz_20	0.051829268292682924	0.009146341463414634	0.06707317073170732	0.07621951219512195	0.027439024390243903	0.06707317073170732	0.018292682926829267	0.051829268292682924	0.054878048780487805	0.09146341463414634	0.036585365853658534	0.04878048780487805	0.04573170731707317	0.03353658536585366	0.06707317073170732	0.06402439024390244	0.06402439024390244	0.07621951219512195	0.03353658536585366	0.01524390243902439
enz_21	0.03636363636363636	0.015151515151515152	0.0696969696969697	0.05757575757575758	0.021212121212121213	0.0696969696969697	0.021212121212121213	0.05454545454545454	0.051515151515151514	0.09090909090909091	0.03636363636363636	0.05454545454545454	0.030303030303030304	0.030303030303030304	0.0696969696969697	0.09090909090909091	0.07878787878787878	0.07272727272727272	0.030303030303030304	0.01818181818181818
enz_22	0.04024767801857585	0.018575851393188854	0.06811145510835913	0.06501547987616099	0.02476780185758514	0.07430340557275542	0.018575851393188854	0.06501547987616099	0.05572755417956656	0.08359133126934984	0.034055727554179564	0.04024767801857585	0.03715170278637771	0.034055727554179564	0.07120743034055728	0.07120743034055728	0.07120743034055728	0.07739938080495357	0.02786377708978328	0.021671826625386997
enz_23	0.03470031545741325	0.01892744479495268	0.0694006309148265	0.06309148264984227	0.03470031545741325	0.0694006309148265	0.015772870662460567	0.05362776025236593	0.056782334384858045	0.08201892744479496	0.04416403785488959	0.03470031545741325	0.03785488958990536	0.03470031545741325	0.07886435331230283	0.07886435331230283	0.07570977917981073	0.0694006309148265	0.025236593059936908	0.022082018927444796
enz_24	0.040123456790123455	0.015432098765432098	0.06790123456790123	0.06481481481481481	0.024691358024691357	0.05864197530864197	0.015432098765432098	0.05864197530864197	0.05246913580246913	0.08641975308641975	0.033950617283950615	0.046296296296296294	0.040123456790123455	0.030864197530864196	0.07407407407407407	0.08333333333333333	0.08024691358024691	0.07716049382716049	0.030864197530864196	0.018518518518518517
enz_25	0.03614457831325301	0.015060240963855422	0.06626506024096386	0.0572289156626506	0.02108433734939759	0.06325301204819277	0.024096385542168676	0.060240963855421686	0.05421686746987952	0.08433734939759036	0.0391566265060241	0.05120481927710843	0.03313253012048193	0.030120481927710843	0.06626506024096386	0.09337349397590361	0.08433734939759036	0.07228915662650602	0.030120481927710843	0.018072289156626505
enz_26	0.05167173252279635	0.00911854103343465	0.06990881458966565	0.08206686930091185	0.02127659574468085	0.06990881458966565	0.015197568389057751	0.04559270516717325	0.0547112462006079	0.0911854103343465	0.0364741641337386	0.04559270516717325	0.0486322188449848	0.030395136778115502	0.0729483282674772	0.06990881458966565	0.057750759878419454	0.07598784194528875	0.030395136778115502	0.02127659574468085
enz_27	0.043209876543209874	0.015432098765432098	0.06790123456790123	0.06790123456790123	0.027777777777777776	0.05864197530864197	0.015432098765432098	0.05246913580246913	0.05246913580246913	0.08333333333333333	0.030864197530864196	0.046296296296296294	0.037037037037037035	0.030864197530864196	0.07407407407407407	0.08641975308641975	0.07407407407407407	0.08641975308641975	0.030864197530864196	0.018518518518518517
enz_28	0.05396825396825397	0.009523809523809525	0.06984126984126984	0.07936507936507936	0.025396825396825397	0.06666666666666667	0.015873015873015872	0.047619047619047616	0.05714285714285714	0.09523809523809523	0.0380952380952381	0.047619047619047616	0.044444444444444446	0.031746031746031744	0.0761904761904762	0.06031746031746032	0.06031746031746032	0.06984126984126984	0.031746031746031744	0.01904761904761905
enz_29	0.05396825396825397	0.009523809523809525	0.06984126984126984	0.07936507936507936	0.025396825396825397	0.06666666666666667	0.015873015873015872	0.050793650793650794	0.05714285714285714	0.09523809523809523	0.0380952380952381	0.044444444444444446	0.044444444444444446	0.031746031746031744	0.0761904761904762	0.06031746031746032	0.06031746031746032	0.06984126984126984	0.031746031746031744	0.01904761904761905
enz_30	0.05396825396825397	0.009523809523809525	0.06666666666666667	0.07936507936507936	0.025396825396825397	0.06666666666666667	0.015873015873015872	0.047619047619047616	0.05714285714285714	0.09206349206349207	0.0380952380952381	0.050793650793650794	0.044444444444444446	0.031746031746031744	0.0761904761904762	0.06031746031746032	0.06031746031746032	0.07301587301587302	0.031746031746031744	0.01904761904761905
enz_31	0.05396825396825397	0.009523809523809525	0.06984126984126984	0.07936507936507936	0.02857142857142857	0.06666666666666667	0.015873015873015872	0.047619047619047616	0.05714285714285714	0.09206349206349207	0.0380952380952381	0.047619047619047616	0.044444444444444446	0.031746031746031744	0.0761904761904762	0.06031746031746032	0.06031746031746032	0.06984126984126984	0.031746031746031744	0.01904761904761905
enz_32	0.05396825396825397	0.009523809523809525	0.06984126984126984	0.07936507936507936	0.022222222222222223	0.06666666666666667	0.015873015873015872	0.047619047619047616	0.05714285714285714	0.09841269841269841	0.0380952380952381	0.044444444444444446	0.044444444444444446	0.031746031746031744	0.0761904761904762	0.06031746031746032	0.06031746031746032	0.07301587301587302	0.031746031746031744	0.01904761904761905
enz_33	0.050793650793650794	0.009523809523809525	0.06666666666666667	0.07936507936507936	0.025396825396825397	0.06666666666666667	0.015873015873015872	0.047619047619047616	0.05714285714285714	0.09206349206349207	0.0380952380952381	0.050793650793650794	0.047619047619047616	0.031746031746031744	0.0761904761904762	0.06031746031746032	0.06031746031746032	0.07301587301587302	0.031746031746031744	0.01904761904761905
enz_34	0.05396825396825397	0.009523809523809525	0.06984126984126984	0.07936507936507936	0.02857142857142857	0.06666666666666667	0.015873015873015872	0.050793650793650794	0.05714285714285714	0.09206349206349207	0.0380952380952381	0.044444444444444446	0.044444444444444446	0.031746031746031744	0.0761904761904762	0.06031746031746032	0.06031746031746032	0.06984126984126984	0.031746031746031744	0.01904761904761905
enz_35	0.05396825396825397	0.009523809523809525	0.06984126984126984	0.07936507936507936	0.025396825396825397	0.06666666666666667	0.015873015873015872	0.047619047619047616	0.05714285714285714	0.09841269841269841	0.0380952380952381	0.044444444444444446	0.044444444444444446	0.031746031746031744	0.0761904761904762	0.06031746031746032	0.06031746031746032	0.06984126984126984	0.031746031746031744	0.01904761904761905
enz_36	0.050793650793650794	0.009523809523809525	0.06666666666666667	0.07936507936507936	0.02857142857142857	0.06666666666666667	0.015873015873015872	0.044444444444444446	0.05714285714285714	0.09206349206349207	0.0380952380952381	0.050793650793650794	0.047619047619047616	0.031746031746031744	0.0761904761904762	0.06031746031746032	0.06031746031746032	0.07301587301587302	0.031746031746031744	0.01904761904761905
enz_37	0.05396825396825397	0.009523809523809525	0.06984126984126984	0.07936507936507936	0.02857142857142857	0.06666666666666667	0.015873015873015872	0.047619047619047616	0.05714285714285714	0.09523809523809523	0.0380952380952381	0.044444444444444446	0.044444444444444446	0.031746031746031744	0.0761904761904762	0.06031746031746032	0.06031746031746032	0.06984126984126984	0.031746031746031744	0.01904761904761905
enz_38	0.050793650793650794	0.009523809523809525	0.06984126984126984	0.07936507936507936	0.025396825396825397	0.06666666666666667	0.015873015873015872	0.050793650793650794	0.05396825396825397	0.09523809523809523	0.0380952380952381	0.044444444444444446	0.044444444444444446	0.03492063492063492	0.0761904761904762	0.06349206349206349	0.06031746031746032	0.06984126984126984	0.031746031746031744	0.01904761904761905
enz_39	0.05396825396825397	0.009523809523809525	0.06984126984126984	0.07936507936507936	0.025396825396825397	0.06666666666666667	0.015873015873015872	0.047619047619047616	0.05714285714285714	0.09523809523809523	0.0380952380952381	0.047619047619047616	0.044444444444444446	0.031746031746031744	0.0761904761904762	0.06031746031746032	0.06031746031746032	0.06984126984126984	0.031746031746031744	0.01904761904761905
enz_40	0.05714285714285714	0.009523809523809525	0.06984126984126984	0.07936507936507936	0.025396825396825397	0.06666666666666667	0.015873015873015872	0.050793650793650794	0.05714285714285714	0.09523809523809523	0.0380952380952381	0.044444444444444446	0.044444444444444446	0.031746031746031744	0.06984126984126984	0.06349206349206349	0.06031746031746032	0.06984126984126984	0.031746031746031744	0.01904761904761905
enz_41	0.050793650793650794	0.009523809523809525	0.06666666666666667	0.07936507936507936	0.025396825396825397	0.06666666666666667	0.015873015873015872	0.050793650793650794	0.05714285714285714	0.09206349206349207	0.0380952380952381	0.047619047619047616	0.047619047619047616	0.031746031746031744	0.0761904761904762	0.06031746031746032	0.06031746031746032	0.07301587301587302	0.031746031746031744	0.01904761904761905
enz_42	0.050793650793650794	0.009523809523809525	0.06666666666666667	0.07936507936507936	0.02857142857142857	0.06666666666666667	0.015873015873015872	0.047619047619047616	0.05714285714285714	0.09206349206349207	0.0380952380952381	0.050793650793650794	0.047619047619047616	0.031746031746031744	0.0761904761904762	0.06031746031746032	0.06031746031746032	0.06984126984126984	0.031746031746031744	0.01904761904761905
enz_43	0.050793650793650794	0.009523809523809525	0.06666666666666667	0.07936507936507936	0.02857142857142857	0.06666666666666667	0.015873015873015872	0.047619047619047616	0.05714285714285714	0.08888888888888889	0.0380952380952381	0.050793650793650794	0.047619047619047616	0.031746031746031744	0.0761904761904762	0.06031746031746032	0.06031746031746032	0.07301587301587302	0.031746031746031744	0.01904761904761905
enz_44	0.050793650793650794	0.009523809523809525	0.06666666666666667	0.07936507936507936	0.025396825396825397	0.06666666666666667	0.015873015873015872	0.044444444444444446	0.05714285714285714	0.09523809523809523	0.0380952380952381	0.050793650793650794	0.047619047619047616	0.031746031746031744	0.0761904761904762	0.06031746031746032	0.06031746031746032	0.07301587301587302	0.031746031746031744	0.01904761904761905
enz_45	0.05396825396825397	0.009523809523809525	0.06984126984126984	0.07936507936507936	0.031746031746031744	0.06666666666666667	0.015873015873015872	0.044444444444444446	0.05714285714285714	0.09523809523809523	0.0380952380952381	0.044444444444444446	0.044444444444444446	0.031746031746031744	0.0761904761904762	0.06031746031746032	0.06031746031746032	0.06984126984126984	0.031746031746031744	0.01904761904761905
enz_46	0.05396825396825397	0.009523809523809525	0.06984126984126984	0.07936507936507936	0.031746031746031744	0.06666666666666667	0.015873015873015872	0.047619047619047616	0.05714285714285714	0.09523809523809523	0.0380952380952381	0.044444444444444446	0.044444444444444446	0.031746031746031744	0.0761904761904762	0.06031746031746032	0.06031746031746032	0.06666666666666667	0.031746031746031744	0.01904761904761905
enz_47	0.050793650793650794	0.009523809523809525	0.06666666666666667	0.07936507936507936	0.02857142857142857	0.06666666666666667	0.015873015873015872	0.050793650793650794	0.05714285714285714	0.09206349206349207	0.0380952380952381	0.047619047619047616	0.047619047619047616	0.031746031746031744	0.0761904761904762	0.06031746031746032	0.06031746031746032	0.06984126984126984	0.031746031746031744	0.01904761904761905
enz_48	0.050793650793650794	0.009523809523809525	0.06666666666666667	0.07936507936507936	0.025396825396825397	0.06666666666666667	0.015873015873015872	0.047619047619047616	0.05714285714285714	0.09523809523809523	0.0380952380952381	0.047619047619047616	0.047619047619047616	0.031746031746031744	0.0761904761904762	0.06031746031746032	0.06031746031746032	0.07301587301587302	0.031746031746031744	0.01904761904761905
enz_49	0.050793650793650794	0.009523809523809525	0.06666666666666667	0.07936507936507936	0.031746031746031744	0.06666666666666667	0.015873015873015872	0.047619047619047616	0.05714285714285714	0.08888888888888889	0.0380952380952381	0.050793650793650794	0.047619047619047616	0.031746031746031744	0.0761904761904762	0.06031746031746032	0.06031746031746032	0.06984126984126984	0.031746031746031744	0.01904761904761905
enz_50	0.054140127388535034	0.009554140127388535	0.07006369426751592	0.07961783439490445	0.022292993630573247	0.06687898089171974	0.01592356687898089	0.050955414012738856	0.05732484076433121	0.09554140127388536	0.03821656050955414	0.041401273885350316	0.044585987261146494	0.03184713375796178	0.07643312101910828	0.06050955414012739	0.06050955414012739	0.0732484076433121	0.03184713375796178	0.01910828025477707
enz_51	0.05396825396825397	0.009523809523809525	0.06984126984126984	0.07936507936507936	0.025396825396825397	0.06666666666666667	0.015873015873015872	0.050793650793650794	0.05396825396825397	0.09523809523809523	0.0380952380952381	0.044444444444444446	0.044444444444444446	0.03492063492063492	0.06984126984126984	0.06666666666666667	0.06031746031746032	0.06984126984126984	0.031746031746031744	0.01904761904761905
enz_52	0.050793650793650794	0.009523809523809525	0.06666666666666667	0.07936507936507936	0.031746031746031744	0.06666666666666667	0.015873015873015872	0.050793650793650794	0.05714285714285714	0.08888888888888889	0.0380952380952381	0.047619047619047616	0.047619047619047616	0.031746031746031744	0.0761904761904762	0.06031746031746032	0.06031746031746032	0.06984126984126984	0.031746031746031744	0.01904761904761905
enz_53	0.050793650793650794	0.009523809523809525	0.06666666666666667	0.07936507936507936	0.02857142857142857	0.06666666666666667	0.015873015873015872	0.044444444444444446	0.05714285714285714	0.09523809523809523	0.0380952380952381	0.050793650793650794	0.047619047619047616	0.031746031746031744	0.0761904761904762	0.06031746031746032	0.06031746031746032	0.06984126984126984	0.031746031746031744	0.01904761904761905
enz_54	0.050793650793650794	0.009523809523809525	0.06666666666666667	0.07936507936507936	0.031746031746031744	0.06666666666666667	0.015873015873015872	0.047619047619047616	0.05714285714285714	0.09206349206349207	0.0380952380952381	0.047619047619047616	0.047619047619047616	0.031746031746031744	0.0761904761904762	0.06031746031746032	0.06031746031746032	0.06984126984126984	0.031746031746031744	0.01904761904761905
enz_55	0.050793650793650794	0.009523809523809525	0.06666666666666667	0.07936507936507936	0.03492063492063492	0.06666666666666667	0.015873015873015872	0.044444444444444446	0.05714285714285714	0.09206349206349207	0.0380952380952381	0.047619047619047616	0.047619047619047616	0.031746031746031744	0.0761904761904762	0.06031746031746032	0.06031746031746032	0.06984126984126984	0.031746031746031744	0.01904761904761905
enz_56	0.050793650793650794	0.009523809523809525	0.06666666666666667	0.07936507936507936	0.03492063492063492	0.06666666666666667	0.015873015873015872	0.047619047619047616	0.05714285714285714	0.09206349206349207	0.0380952380952381	0.047619047619047616	0.047619047619047616	0.031746031746031744	0.0761904761904762	0.06031746031746032	0.06031746031746032	0.06666666666666667	0.031746031746031744	0.01904761904761905
enz_57	0.050793650793650794	0.009523809523809525	0.06666666666666667	0.07936507936507936	0.0380952380952381	0.06666666666666667	0.015873015873015872	0.044444444444444446	0.05714285714285714	0.09206349206349207	0.0380952380952381	0.047619047619047616	0.047619047619047616	0.031746031746031744	0.0761904761904762	0.06031746031746032	0.06031746031746032	0.06666666666666667	0.031746031746031744	0.01904761904761905
enz_58	0.05396825396825397	0.009523809523809525	0.06666666666666667	0.07936507936507936	0.03492063492063492	0.06666666666666667	0.015873015873015872	0.047619047619047616	0.05714285714285714	0.09206349206349207	0.0380952380952381	0.047619047619047616	0.047619047619047616	0.031746031746031744	0.06984126984126984	0.06349206349206349	0.06031746031746032	0.06666666666666667	0.031746031746031744	0.01904761904761905
enz_59	0.05396825396825397	0.009523809523809525	0.06666666666666667	0.07936507936507936	0.0380952380952381	0.06666666666666667	0.015873015873015872	0.044444444444444446	0.05714285714285714	0.09206349206349207	0.0380952380952381	0.047619047619047616	0.047619047619047616	0.031746031746031744	0.06984126984126984	0.06349206349206349	0.06031746031746032	0.06666666666666667	0.031746031746031744	0.01904761904761905
enz_60	0.05396825396825397	0.009523809523809525	0.06984126984126984	0.07936507936507936	0.025396825396825397	0.06666666666666667	0.015873015873015872	0.047619047619047616	0.05714285714285714	0.09206349206349207	0.0380952380952381	0.047619047619047616	0.044444444444444446	0.031746031746031744	0.0761904761904762	0.06031746031746032	0.06031746031746032	0.07301587301587302	0.031746031746031744	0.01904761904761905
enz_61	0.05396825396825397	0.009523809523809525	0.06666666666666667	0.07936507936507936	0.03492063492063492	0.06666666666666667	0.015873015873015872	0.044444444444444446	0.05714285714285714	0.09523809523809523	0.0380952380952381	0.047619047619047616	0.047619047619047616	0.031746031746031744	0.06984126984126984	0.06349206349206349	0.06031746031746032	0.06666666666666667	0.031746031746031744	0.01904761904761905
enz_62	0.050793650793650794	0.009523809523809525	0.06666666666666667	0.07936507936507936	0.0380952380952381	0.06984126984126984	0.015873015873015872	0.044444444444444446	0.05714285714285714	0.09206349206349207	0.0380952380952381	0.047619047619047616	0.047619047619047616	0.031746031746031744	0.07301587301587302	0.06031746031746032	0.06031746031746032	0.06666666666666667	0.031746031746031744	0.01904761904761905
enz_63	0.05714285714285714	0.009523809523809525	0.06984126984126984	0.07936507936507936	0.025396825396825397	0.06666666666666667	0.015873015873015872	0.05396825396825397	0.05714285714285714	0.09523809523809523	0.0380952380952381	0.044444444444444446	0.044444444444444446	0.031746031746031744	0.06984126984126984	0.06349206349206349	0.06031746031746032	0.06666666666666667	0.031746031746031744	0.01904761904761905
enz_64	0.05714285714285714	0.009523809523809525	0.06984126984126984	0.07936507936507936	0.022222222222222223	0.06666666666666667	0.015873015873015872	0.047619047619047616	0.05714285714285714	0.09523809523809523	0.0380952380952381	0.047619047619047616	0.044444444444444446	0.031746031746031744	0.0761904761904762	0.06031746031746032	0.06031746031746032	0.06984126984126984	0.031746031746031744	0.01904761904761905
enz_65	0.06031746031746032	0.009523809523809525	0.06984126984126984	0.07936507936507936	0.025396825396825397	0.06666666666666667	0.015873015873015872	0.050793650793650794	0.05714285714285714	0.09523809523809523	0.0380952380952381	0.044444444444444446	0.044444444444444446	0.031746031746031744	0.06984126984126984	0.06349206349206349	0.06031746031746032	0.06666666666666667	0.031746031746031744	0.01904761904761905
enz_66	0.05396825396825397	0.009523809523809525	0.06984126984126984	0.07936507936507936	0.025396825396825397	0.06984126984126984	0.015873015873015872	0.050793650793650794	0.05714285714285714	0.09523809523809523	0.0380952380952381	0.044444444444444446	0.044444444444444446	0.031746031746031744	0.07301587301587302	0.06031746031746032	0.06031746031746032	0.06984126984126984	0.031746031746031744	0.01904761904761905
enz_67	0.05396825396825397	0.009523809523809525	0.06984126984126984	0.07936507936507936	0.031746031746031744	0.06984126984126984	0.015873015873015872	0.044444444444444446	0.05714285714285714	0.09841269841269841	0.0380952380952381	0.044444444444444446	0.044444444444444446	0.031746031746031744	0.07301587301587302	0.06031746031746032	0.06031746031746032	0.06666666666666667	0.031746031746031744	0.01904761904761905
enz_68	0.05714285714285714	0.009523809523809525	0.06984126984126984	0.07936507936507936	0.025396825396825397	0.06666666666666667	0.015873015873015872	0.050793650793650794	0.05714285714285714	0.09841269841269841	0.0380952380952381	0.044444444444444446	0.044444444444444446	0.031746031746031744	0.06984126984126984	0.06349206349206349	0.06031746031746032	0.06666666666666667	0.031746031746031744	0.01904761904761905
enz_69	0.05396825396825397	0.009523809523809525	0.06984126984126984	0.07936507936507936	0.022222222222222223	0.06666666666666667	0.015873015873015872	0.044444444444444446	0.05714285714285714	0.09841269841269841	0.0380952380952381	0.047619047619047616	0.044444444444444446	0.031746031746031744	0.0761904761904762	0.06031746031746032	0.06031746031746032	0.07301587301587302	0.031746031746031744	0.01904761904761905
enz_70	0.05396825396825397	0.009523809523809525	0.06984126984126984	0.07936507936507936	0.025396825396825397	0.06666666666666667	0.015873015873015872	0.044444444444444446	0.05714285714285714	0.09523809523809523	0.0380952380952381	0.047619047619047616	0.044444444444444446	0.031746031746031744	0.0761904761904762	0.06031746031746032	0.06031746031746032	0.07301587301587302	0.031746031746031744	0.01904761904761905
enz_71	0.050793650793650794	0.009523809523809525	0.06984126984126984	0.07936507936507936	0.022222222222222223	0.06666666666666667	0.015873015873015872	0.047619047619047616	0.05714285714285714	0.09523809523809523	0.0380952380952381	0.047619047619047616	0.047619047619047616	0.031746031746031744	0.0761904761904762	0.06031746031746032	0.06031746031746032	0.07301587301587302	0.031746031746031744	0.01904761904761905
enz_72	0.05396825396825397	0.009523809523809525	0.06666666666666667	0.07936507936507936	0.022222222222222223	0.06666666666666667	0.015873015873015872	0.047619047619047616	0.05714285714285714	0.09523809523809523	0.0380952380952381	0.050793650793650794	0.044444444444444446	0.031746031746031744	0.0761904761904762	0.06031746031746032	0.06031746031746032	0.07301587301587302	0.031746031746031744	0.01904761904761905
enz_73	0.05396825396825397	0.009523809523809525	0.06984126984126984	0.07936507936507936	0.025396825396825397	0.06666666666666667	0.015873015873015872	0.047619047619047616	0.05714285714285714	0.09206349206349207	0.0380952380952381	0.047619047619047616	0.044444444444444446	0.031746031746031744	0.0761904761904762	0.06031746031746032	0.06031746031746032	0.07301587301587302	0.031746031746031744	0.01904761904761905
enz_74	0.05396825396825397	0.009523809523809525	0.06666666666666667	0.07936507936507936	0.031746031746031744	0.06666666666666667	0.015873015873015872	0.047619047619047616	0.05396825396825397	0.09841269841269841	0.0380952380952381	0.047619047619047616	0.047619047619047616	0.03492063492063492	0.06984126984126984	0.06666666666666667	0.06031746031746032	0.06031746031746032	0.031746031746031744	0.01904761904761905
enz_75	0.05396825396825397	0.009523809523809525	0.06984126984126984	0.07936507936507936	0.022222222222222223	0.06666666666666667	0.015873015873015872	0.047619047619047616	0.05714285714285714	0.09523809523809523	0.0380952380952381	0.047619047619047616	0.044444444444444446	0.031746031746031744	0.0761904761904762	0.06031746031746032	0.06031746031746032	0.07301587301587302	0.031746031746031744	0.01904761904761905
enz_76	0.07250755287009064	0.02416918429003021	0.0634441087613293	0.06042296072507553	0.021148036253776436	0.06948640483383686	0.02416918429003021	0.05740181268882175	0.0513595166163142	0.09063444108761329	0.045317220543806644	0.030211480362537766	0.03927492447129909	0.03323262839879154	0.06948640483383686	0.06042296072507553	0.0513595166163142	0.0755287009063444	0.03323262839879154	0.027190332326283987
enz_77	0.07692307692307693	0.012307692307692308	0.06461538461538462	0.06461538461538462	0.018461538461538463	0.07076923076923076	0.027692307692307693	0.055384615384615386	0.04	0.09846153846153846	0.033846153846153845	0.033846153846153845	0.04	0.033846153846153845	0.07384615384615385	0.06461538461538462	0.06461538461538462	0.06769230769230769	0.036923076923076927	0.021538461538461538
enz_78	0.0634441087613293	0.015105740181268883	0.0634441087613293	0.06646525679758308	0.02416918429003021	0.05740181268882175	0.021148036253776436	0.054380664652567974	0.04833836858006042	0.09365558912386707	0.03927492447129909	0.04833836858006042	0.03927492447129909	0.03625377643504532	0.0634441087613293	0.0755287009063444	0.0634441087613293	0.08157099697885196	0.03323262839879154	0.012084592145015106
enz_79	0.054838709677419356	0.01935483870967742	0.06129032258064516	0.08709677419354839	0.01935483870967742	0.06451612903225806	0.02258064516129032	0.06129032258064516	0.05806451612903226	0.08709677419354839	0.02258064516129032	0.05161290322580645	0.025806451612903226	0.025806451612903226	0.08064516129032258	0.06129032258064516	0.07741935483870968	0.07419354838709677	0.02258064516129032	0.02258064516129032
enz_80	0.04985337243401759	0.008797653958944282	0.08797653958944282	0.05865102639296188	0.026392961876832845	0.09090909090909091	0.017595307917888565	0.04985337243401759	0.05865102639296188	0.07917888563049853	0.03519061583577713	0.03812316715542522	0.03812316715542522	0.03225806451612903	0.06744868035190615	0.05865102639296188	0.05278592375366569	0.09090909090909091	0.03225806451612903	0.026392961876832845
enz_81	0.06172839506172839	0.012345679012345678	0.06172839506172839	0.06790123456790123	0.024691358024691357	0.08024691358024691	0.027777777777777776	0.05555555555555555	0.04938271604938271	0.09876543209876543	0.033950617283950615	0.040123456790123455	0.04938271604938271	0.030864197530864196	0.06481481481481481	0.07407407407407407	0.05555555555555555	0.05864197530864197	0.033950617283950615	0.018518518518518517
enz_82	0.05864197530864197	0.015432098765432098	0.06172839506172839	0.07407407407407407	0.021604938271604937	0.07098765432098765	0.024691358024691357	0.05864197530864197	0.04938271604938271	0.09259259259259259	0.037037037037037035	0.04938271604938271	0.046296296296296294	0.033950617283950615	0.06481481481481481	0.07098765432098765	0.05555555555555555	0.05864197530864197	0.037037037037037035	0.018518518518518517
enz_83	0.0513595166163142	0.00906344410876133	0.06042296072507553	0.07250755287009064	0.021148036253776436	0.07854984894259819	0.015105740181268883	0.06042296072507553	0.03927492447129909	0.10574018126888217	0.03927492447129909	0.04229607250755287	0.045317220543806644	0.027190332326283987	0.07854984894259819	0.06948640483383686	0.05740181268882175	0.07250755287009064	0.03323262839879154	0.021148036253776436
enz_84	0.06626506024096386	0.009036144578313253	0.0572289156626506	0.08433734939759036	0.024096385542168676	0.0783132530120482	0.018072289156626505	0.05120481927710843	0.03313253012048193	0.08433734939759036	0.04216867469879518	0.030120481927710843	0.04216867469879518	0.030120481927710843	0.08734939759036145	0.08734939759036145	0.05421686746987952	0.07228915662650602	0.03313253012048193	0.015060240963855422
enz_85	0.10089020771513353	0.017804154302670624	0.06824925816023739	0.0771513353115727	0.026706231454005934	0.05934718100890208	0.020771513353115726	0.02967359050445104	0.04154302670623145	0.05637982195845697	0.03857566765578635	0.03857566765578635	0.05341246290801187	0.03560830860534125	0.09198813056379822	0.04747774480712166	0.06528189910979229	0.08011869436201781	0.02967359050445104	0.020771513353115726
enz_86	0.07590759075907591	0.009900990099009901	0.04950495049504951	0.06930693069306931	0.0231023102310231	0.06930693069306931	0.0231023102310231	0.0429042904290429	0.036303630363036306	0.07260726072607261	0.056105610561056105	0.04950495049504951	0.026402640264026403	0.0429042904290429	0.0924092409240924	0.0627062706270627	0.052805280528052806	0.0891089108910891	0.026402640264026403	0.0297029702970297
enz_87	0.054380664652567974	0.00906344410876133	0.0634441087613293	0.0634441087613293	0.02416918429003021	0.07854984894259819	0.015105740181268883	0.05740181268882175	0.04229607250755287	0.11178247734138973	0.030211480362537766	0.04229607250755287	0.045317220543806644	0.03625377643504532	0.06948640483383686	0.0634441087613293	0.0634441087613293	0.08157099697885196	0.03323262839879154	0.015105740181268883
enz_88	0.04833836858006042	0.00906344410876133	0.06948640483383686	0.0634441087613293	0.021148036253776436	0.0755287009063444	0.015105740181268883	0.06948640483383686	0.03927492447129909	0.09969788519637462	0.03625377643504532	0.045317220543806644	0.045317220543806644	0.030211480362537766	0.08157099697885196	0.0755287009063444	0.054380664652567974	0.06646525679758308	0.03323262839879154	0.021148036253776436
enz_89	0.0391566265060241	0.015060240963855422	0.07228915662650602	0.06325301204819277	0.012048192771084338	0.060240963855421686	0.02108433734939759	0.0572289156626506	0.06325301204819277	0.08433734939759036	0.0391566265060241	0.05120481927710843	0.03614457831325301	0.02108433734939759	0.06927710843373494	0.09337349397590361	0.0783132530120482	0.0783132530120482	0.030120481927710843	0.015060240963855422
enz_90	0.0364741641337386	0.015197568389057751	0.06990881458966565	0.07598784194528875	0.015197568389057751	0.06990881458966565	0.02127659574468085	0.0547112462006079	0.057750759878419454	0.0911854103343465	0.03343465045592705	0.04559270516717325	0.04559270516717325	0.0243161094224924	0.06990881458966565	0.0851063829787234	0.0668693009118541	0.0729483282674772	0.030395136778115502	0.0182370820668693
enz_91	0.045180722891566265	0.009036144578313253	0.06626506024096386	0.060240963855421686	0.02108433734939759	0.060240963855421686	0.02108433734939759	0.05421686746987952	0.05421686746987952	0.0783132530120482	0.0391566265060241	0.04819277108433735	0.03313253012048193	0.030120481927710843	0.06927710843373494	0.09337349397590361	0.08132530120481928	0.08433734939759036	0.030120481927710843	0.02108433734939759
enz_92	0.05120481927710843	0.009036144578313253	0.07228915662650602	0.06626506024096386	0.015060240963855422	0.0572289156626506	0.018072289156626505	0.060240963855421686	0.060240963855421686	0.0783132530120482	0.0391566265060241	0.045180722891566265	0.03614457831325301	0.024096385542168676	0.06626506024096386	0.0963855421686747	0.07530120481927711	0.08132530120481928	0.030120481927710843	0.018072289156626505
enz_93	0.04216867469879518	0.009036144578313253	0.06626506024096386	0.060240963855421686	0.018072289156626505	0.060240963855421686	0.02108433734939759	0.045180722891566265	0.0572289156626506	0.0783132530120482	0.0391566265060241	0.05120481927710843	0.03313253012048193	0.02710843373493976	0.07530120481927711	0.09036144578313253	0.08132530120481928	0.09337349397590361	0.030120481927710843	0.02108433734939759
enz_94	0.04819277108433735	0.009036144578313253	0.07228915662650602	0.06626506024096386	0.012048192771084338	0.0572289156626506	0.018072289156626505	0.05120481927710843	0.06325301204819277	0.0783132530120482	0.0391566265060241	0.04819277108433735	0.03614457831325301	0.02108433734939759	0.07228915662650602	0.09337349397590361	0.07530120481927711	0.09036144578313253	0.030120481927710843	0.018072289156626505
enz_95	0.03343465045592705	0.015197568389057751	0.06382978723404255	0.06990881458966565	0.0243161094224924	0.0729483282674772	0.0243161094224924	0.057750759878419454	0.0486322188449848	0.0911854103343465	0.03343465045592705	0.04559270516717325	0.0425531914893617	0.03343465045592705	0.0668693009118541	0.0851063829787234	0.0729483282674772	0.0668693009118541	0.030395136778115502	0.02127659574468085
enz_96	0.04216867469879518	0.015060240963855422	0.06626506024096386	0.060240963855421686	0.02710843373493976	0.06626506024096386	0.02108433734939759	0.0572289156626506	0.05120481927710843	0.09036144578313253	0.04216867469879518	0.05421686746987952	0.03614457831325301	0.03614457831325301	0.06626506024096386	0.0783132530120482	0.0783132530120482	0.06325301204819277	0.030120481927710843	0.018072289156626505
