#	A	C	D	E	F	G	H	I	K	L	M	N	P	Q	R	S	T	V	W	Y
thyme_enz_0	0.07511737089201878	0.009389671361502348	0.056338028169014086	0.0539906103286385	0.028169014084507043	0.07276995305164319	0.023474178403755867	0.04225352112676056	0.06807511737089202	0.08450704225352113	0.035211267605633804	0.046948356807511735	0.0539906103286385	0.035211267605633804	0.0539906103286385	0.08215962441314555	0.06338028169014084	0.07276995305164319	0.025821596244131457	0.01643192488262911
thyme_enz_1	0.10501193317422435	0.00954653937947494	0.05489260143198091	0.05489260143198091	0.028639618138424822	0.06682577565632458	0.03818615751789976	0.045346062052505964	0.05250596658711217	0.07875894988066826	0.031026252983293555	0.03341288782816229	0.059665871121718374	0.028639618138424822	0.06205250596658711	0.06921241050119331	0.06682577565632458	0.06921241050119331	0.028639618138424822	0.016706443914081145
thyme_enz_2	0.060759493670886074	0.007594936708860759	0.043037974683544304	0.06835443037974684	0.010126582278481013	0.07341772151898734	0.0379746835443038	0.05569620253164557	0.043037974683544304	0.08860759493670886	0.027848101265822784	0.04556962025316456	0.0379746835443038	0.05063291139240506	0.07341772151898734	0.08607594936708861	0.060759493670886074	0.07848101265822785	0.02531645569620253	0.02531645569620253
thyme_enz_3	0.06933333333333333	0.018666666666666668	0.06666666666666667	0.07733333333333334	0.021333333333333333	0.06666666666666667	0.034666666666666665	0.072	0.034666666666666665	0.058666666666666666	0.018666666666666668	0.042666666666666665	0.042666666666666665	0.04533333333333334	0.088	0.06133333333333333	0.06666666666666667	0.06666666666666667	0.02666666666666667	0.021333333333333333
thyme_enz_4	0.05649717514124294	0.00847457627118644	0.05084745762711865	0.08192090395480225	0.022598870056497175	0.05367231638418079	0.014124293785310734	0.0480225988700565	0.05084745762711865	0.096045197740113	0.0423728813559322	0.05649717514124294	0.022598870056497175	0.02824858757062147	0.09322033898305085	0.06779661016949153	0.06779661016949153	0.08192090395480225	0.025423728813559324	0.031073446327683617
thyme_enz_5	0.05808080808080808	0.010101010101010102	0.045454545454545456	0.06565656565656566	0.030303030303030304	0.07575757575757576	0.020202020202020204	0.06565656565656566	0.06060606060606061	0.07828282828282829	0.03282828282828283	0.050505050505050504	0.05555555555555555	0.03282828282828283	0.05555555555555555	0.0707070707070707	0.06818181818181818	0.07575757575757576	0.025252525252525252	0.022727272727272728
thyme_enz_6	0.042666666666666665	0.021333333333333333	0.06666666666666667	0.06133333333333333	0.02666666666666667	0.050666666666666665	0.02666666666666667	0.048	0.04533333333333334	0.104	0.029333333333333333	0.042666666666666665	0.042666666666666665	0.04	0.08533333333333333	0.104	0.064	0.058666666666666666	0.018666666666666668	0.021333333333333333
thyme_enz_7	0.04895104895104895	0.013986013986013986	0.07692307692307693	0.1048951048951049	0.006993006993006993	0.09090909090909091	0.03496503496503497	0.04195804195804196	0.04895104895104895	0.0979020979020979	0.02097902097902098	0.02097902097902098	0.04895104895104895	0.027972027972027972	0.06993006993006994	0.07692307692307693	0.055944055944055944	0.06993006993006994	0.02097902097902098	0.02097902097902098
thyme_enz_8	0.09803921568627451	0.011764705882352941	0.03529411764705882	0.0392156862745098	0.050980392156862744	0.06666666666666667	0.011764705882352941	0.043137254901960784	0.043137254901960784	0.09411764705882353	0.03137254901960784	0.047058823529411764	0.06666666666666667	0.043137254901960784	0.03529411764705882	0.11372549019607843	0.054901960784313725	0.058823529411764705	0.023529411764705882	0.03137254901960784
thyme_enz_9	0.06082725060827251	0.009732360097323601	0.06326034063260341	0.04866180048661801	0.024330900243309004	0.07542579075425791	0.012165450121654502	0.046228710462287104	0.05596107055961071	0.0827250608272506	0.0340632603406326	0.04866180048661801	0.05596107055961071	0.031630170316301706	0.06569343065693431	0.08029197080291971	0.072992700729927	0.08759124087591241	0.029197080291970802	0.014598540145985401
thyme_enz_10	0.03611111111111111	0.019444444444444445	0.06388888888888888	0.058333333333333334	0.025	0.06944444444444445	0.025	0.05277777777777778	0.05277777777777778	0.09722222222222222	0.019444444444444445	0.03888888888888889	0.030555555555555555	0.05555555555555555	0.075	0.07777777777777778	0.08333333333333333	0.07777777777777778	0.019444444444444445	0.022222222222222223
thyme_enz_11	0.04087193460490463	0.01907356948228883	0.05722070844686648	0.07356948228882834	0.035422343324250684	0.04632152588555858	0.02997275204359673	0.05994550408719346	0.05449591280653951	0.08174386920980926	0.021798365122615803	0.043596730245231606	0.035422343324250684	0.04087193460490463	0.08446866485013624	0.07901907356948229	0.08174386920980926	0.07356948228882834	0.01907356948228883	0.021798365122615803
thyme_enz_12	0.04143646408839779	0.016574585635359115	0.06353591160220995	0.058011049723756904	0.024861878453038673	0.06629834254143646	0.022099447513812154	0.04696132596685083	0.049723756906077346	0.09392265193370165	0.019337016574585635	0.03867403314917127	0.03038674033149171	0.055248618784530384	0.0718232044198895	0.0856353591160221	0.08839779005524862	0.08287292817679558	0.019337016574585635	0.024861878453038673
thyme_enz_13	0.04087193460490463	0.01907356948228883	0.05449591280653951	0.07356948228882834	0.02997275204359673	0.04632152588555858	0.0326975476839237	0.0653950953678474	0.051771117166212535	0.08174386920980926	0.021798365122615803	0.051771117166212535	0.03814713896457766	0.03814713896457766	0.08446866485013624	0.07901907356948229	0.07901907356948229	0.07084468664850137	0.01907356948228883	0.021798365122615803
thyme_enz_14	0.05825242718446602	0.009708737864077669	0.06310679611650485	0.04854368932038835	0.024271844660194174	0.07524271844660194	0.012135922330097087	0.04611650485436893	0.055825242718446605	0.08009708737864078	0.03398058252427184	0.04854368932038835	0.05339805825242718	0.03155339805825243	0.06553398058252427	0.0825242718446602	0.08009708737864078	0.08737864077669903	0.02912621359223301	0.014563106796116505
thyme_enz_15	0.0443213296398892	0.013850415512465374	0.06371191135734072	0.0664819944598338	0.027700831024930747	0.0664819944598338	0.027700831024930747	0.055401662049861494	0.04986149584487535	0.0886426592797784	0.019390581717451522	0.036011080332409975	0.036011080332409975	0.04986149584487535	0.06925207756232687	0.09695290858725762	0.07479224376731301	0.07202216066481995	0.019390581717451522	0.0221606648199446
thyme_enz_16	0.04225352112676056	0.01971830985915493	0.059154929577464786	0.07042253521126761	0.028169014084507043	0.04507042253521127	0.03380281690140845	0.0647887323943662	0.04225352112676056	0.09014084507042254	0.022535211267605635	0.04507042253521127	0.03943661971830986	0.05070422535211268	0.08732394366197183	0.07323943661971831	0.08169014084507042	0.061971830985915494	0.01971830985915493	0.022535211267605635
thyme_enz_17	0.0774818401937046	0.009685230024213076	0.06537530266343826	0.053268765133171914	0.021791767554479417	0.06537530266343826	0.021791767554479417	0.05569007263922518	0.05084745762711865	0.09443099273607748	0.029055690072639227	0.04600484261501211	0.05569007263922518	0.03631961259079903	0.06537530266343826	0.07990314769975787	0.053268765133171914	0.0774818401937046	0.026634382566585957	0.014527845036319613
thyme_enz_18	0.0774818401937046	0.009685230024213076	0.06537530266343826	0.053268765133171914	0.021791767554479417	0.06537530266343826	0.024213075060532687	0.05569007263922518	0.05084745762711865	0.09443099273607748	0.029055690072639227	0.04600484261501211	0.05569007263922518	0.03631961259079903	0.06295399515738499	0.07990314769975787	0.053268765133171914	0.0774818401937046	0.026634382566585957	0.014527845036319613
thyme_enz_19	0.0774818401937046	0.009685230024213076	0.06537530266343826	0.053268765133171914	0.021791767554479417	0.06537530266343826	0.021791767554479417	0.053268765133171914	0.05084745762711865	0.09443099273607748	0.029055690072639227	0.04600484261501211	0.05569007263922518	0.03631961259079903	0.06537530266343826	0.07990314769975787	0.053268765133171914	0.07990314769975787	0.026634382566585957	0.014527845036319613
thyme_enz_20	0.07990314769975787	0.009685230024213076	0.06537530266343826	0.053268765133171914	0.021791767554479417	0.06537530266343826	0.021791767554479417	0.05569007263922518	0.05084745762711865	0.09443099273607748	0.029055690072639227	0.04600484261501211	0.05569007263922518	0.03631961259079903	0.06537530266343826	0.07990314769975787	0.053268765133171914	0.07506053268765134	0.026634382566585957	0.014527845036319613
thyme_enz_21	0.0774818401937046	0.009685230024213076	0.06537530266343826	0.053268765133171914	0.021791767554479417	0.06537530266343826	0.021791767554479417	0.05569007263922518	0.05084745762711865	0.09443099273607748	0.029055690072639227	0.043583535108958835	0.05569007263922518	0.03631961259079903	0.06537530266343826	0.08232445520581114	0.053268765133171914	0.0774818401937046	0.026634382566585957	0.014527845036319613
thyme_enz_22	0.0774818401937046	0.009685230024213076	0.06537530266343826	0.053268765133171914	0.021791767554479417	0.06537530266343826	0.021791767554479417	0.05569007263922518	0.05084745762711865	0.09200968523002422	0.029055690072639227	0.04600484261501211	0.05811138014527845	0.03631961259079903	0.06537530266343826	0.07990314769975787	0.053268765133171914	0.0774818401937046	0.026634382566585957	0.014527845036319613
thyme_enz_23	0.0774818401937046	0.009685230024213076	0.06537530266343826	0.053268765133171914	0.021791767554479417	0.06537530266343826	0.01937046004842615	0.05569007263922518	0.05084745762711865	0.09443099273607748	0.029055690072639227	0.04600484261501211	0.05569007263922518	0.03631961259079903	0.06779661016949153	0.07990314769975787	0.053268765133171914	0.0774818401937046	0.026634382566585957	0.014527845036319613
thyme_enz_24	0.0774818401937046	0.009685230024213076	0.06295399515738499	0.053268765133171914	0.021791767554479417	0.06537530266343826	0.021791767554479417	0.05569007263922518	0.05084745762711865	0.09443099273607748	0.029055690072639227	0.04600484261501211	0.05569007263922518	0.03631961259079903	0.06537530266343826	0.07990314769975787	0.053268765133171914	0.07990314769975787	0.026634382566585957	0.014527845036319613
thyme_enz_25	0.0774818401937046	0.007263922518159807	0.06537530266343826	0.053268765133171914	0.021791767554479417	0.06537530266343826	0.01937046004842615	0.05569007263922518	0.05084745762711865	0.09443099273607748	0.029055690072639227	0.04600484261501211	0.05569007263922518	0.03631961259079903	0.06779661016949153	0.07990314769975787	0.053268765133171914	0.0774818401937046	0.026634382566585957	0.01694915254237288
thyme_enz_26	0.06182795698924731	0.01881720430107527	0.06182795698924731	0.06989247311827956	0.01881720430107527	0.07526881720430108	0.021505376344086023	0.053763440860215055	0.04032258064516129	0.0913978494623656	0.026881720430107527	0.03763440860215054	0.02956989247311828	0.04032258064516129	0.08870967741935484	0.06989247311827956	0.053763440860215055	0.08870967741935484	0.01881720430107527	0.03225806451612903
thyme_enz_27	0.15286624203821655	0.01592356687898089	0.03184713375796178	0.07006369426751592	0.01910828025477707	0.07961783439490445	0.03821656050955414	0.022292993630573247	0.01910828025477707	0.0732484076433121	0.03184713375796178	0.044585987261146494	0.050955414012738856	0.03821656050955414	0.08917197452229299	0.04777070063694268	0.04777070063694268	0.08598726114649681	0.028662420382165606	0.012738853503184714
thyme_enz_28	0.07926829268292683	0.027439024390243903	0.054878048780487805	0.10670731707317073	0.03353658536585366	0.04878048780487805	0.01524390243902439	0.042682926829268296	0.054878048780487805	0.04573170731707317	0.027439024390243903	0.054878048780487805	0.03048780487804878	0.042682926829268296	0.08231707317073171	0.051829268292682924	0.0701219512195122	0.08231707317073171	0.03048780487804878	0.018292682926829267
thyme_enz_29	0.0665083135391924	0.011876484560570071	0.06175771971496437	0.052256532066508314	0.026128266033254157	0.0855106888361045	0.019002375296912115	0.03800475059382423	0.057007125890736345	0.08788598574821853	0.040380047505938245	0.040380047505938245	0.057007125890736345	0.035629453681710214	0.057007125890736345	0.09263657957244656	0.06175771971496437	0.07125890736342043	0.026128266033254157	0.011876484560570071
thyme_enz_30	0.044854881266490766	0.002638522427440633	0.0633245382585752	0.052770448548812667	0.023746701846965697	0.0633245382585752	0.0158311345646438	0.06860158311345646	0.0712401055408971	0.0712401055408971	0.0395778364116095	0.07387862796833773	0.036939313984168866	0.04221635883905013	0.0633245382585752	0.052770448548812667	0.07651715039577836	0.08179419525065963	0.021108179419525065	0.03430079155672823
thyme_enz_31	0.08051948051948052	0.01038961038961039	0.05194805194805195	0.07272727272727272	0.02857142857142857	0.04935064935064935	0.046753246753246755	0.046753246753246755	0.05714285714285714	0.1038961038961039	0.015584415584415584	0.05714285714285714	0.03116883116883117	0.05194805194805195	0.05974025974025974	0.07792207792207792	0.04155844155844156	0.07012987012987013	0.01818181818181818	0.02857142857142857
thyme_enz_32	0.042440318302387266	0.01856763925729443	0.050397877984084884	0.06631299734748011	0.021220159151193633	0.0636604774535809	0.021220159151193633	0.05570291777188329	0.04509283819628647	0.10344827586206896	0.023872679045092837	0.058355437665782495	0.04509283819628647	0.03713527851458886	0.07692307692307693	0.08488063660477453	0.08753315649867374	0.05305039787798409	0.01856763925729443	0.026525198938992044
thyme_enz_33	0.04580152671755725	0.01272264631043257	0.05597964376590331	0.061068702290076333	0.01272264631043257	0.07124681933842239	0.030534351145038167	0.061068702290076333	0.04580152671755725	0.07888040712468193	0.027989821882951654	0.03816793893129771	0.04071246819338423	0.04580152671755725	0.0737913486005089	0.09414758269720101	0.05597964376590331	0.10178117048346055	0.02544529262086514	0.020356234096692113
thyme_enz_34	0.09615384615384616	0.009615384615384616	0.05048076923076923	0.06490384615384616	0.03125	0.057692307692307696	0.03365384615384615	0.052884615384615384	0.05048076923076923	0.08173076923076923	0.03365384615384615	0.04326923076923077	0.04807692307692308	0.021634615384615384	0.057692307692307696	0.08653846153846154	0.07692307692307693	0.055288461538461536	0.028846153846153848	0.019230769230769232
thyme_enz_35	0.07710280373831775	0.009345794392523364	0.056074766355140186	0.0514018691588785	0.028037383177570093	0.07242990654205607	0.02102803738317757	0.04439252336448598	0.07476635514018691	0.08644859813084112	0.03271028037383177	0.04906542056074766	0.04906542056074766	0.0397196261682243	0.04906542056074766	0.08644859813084112	0.07476635514018691	0.056074766355140186	0.02570093457943925	0.016355140186915886
thyme_enz_36	0.061696658097686374	0.012853470437017995	0.05398457583547558	0.05398457583547558	0.010282776349614395	0.07455012853470437	0.038560411311053984	0.06683804627249357	0.05141388174807198	0.07969151670951156	0.03598971722365039	0.04113110539845758	0.03598971722365039	0.04884318766066838	0.061696658097686374	0.08997429305912596	0.04627249357326478	0.08483290488431877	0.028277634961439587	0.02313624678663239
thyme_enz_37	0.0764872521246459	0.031161473087818695	0.04815864022662889	0.07365439093484419	0.0226628895184136	0.07365439093484419	0.025495750708215296	0.056657223796033995	0.025495750708215296	0.08781869688385269	0.019830028328611898	0.036827195467422094	0.0453257790368272	0.039660056657223795	0.09348441926345609	0.0679886685552408	0.06515580736543909	0.0679886685552408	0.019830028328611898	0.0226628895184136
thyme_enz_38	0.07710280373831775	0.007009345794392523	0.0514018691588785	0.053738317757009345	0.028037383177570093	0.07009345794392523	0.02102803738317757	0.04672897196261682	0.07476635514018691	0.08644859813084112	0.030373831775700934	0.04672897196261682	0.0514018691588785	0.0397196261682243	0.04906542056074766	0.09345794392523364	0.07242990654205607	0.05841121495327103	0.02570093457943925	0.016355140186915886
thyme_enz_39	0.049723756906077346	0.016574585635359115	0.06629834254143646	0.06077348066298342	0.019337016574585635	0.06629834254143646	0.027624309392265192	0.04696132596685083	0.049723756906077346	0.09944751381215469	0.019337016574585635	0.03867403314917127	0.03591160220994475	0.055248618784530384	0.06906077348066299	0.08287292817679558	0.08011049723756906	0.07458563535911603	0.019337016574585635	0.022099447513812154
thyme_enz_40	0.0535279805352798	0.0072992700729927005	0.06082725060827251	0.0535279805352798	0.024330900243309004	0.07542579075425791	0.009732360097323601	0.0413625304136253	0.0535279805352798	0.0827250608272506	0.038929440389294405	0.04866180048661801	0.0535279805352798	0.0413625304136253	0.06326034063260341	0.0827250608272506	0.07785888077858881	0.08759124087591241	0.029197080291970802	0.014598540145985401
thyme_enz_41	0.055825242718446605	0.007281553398058253	0.05825242718446602	0.04854368932038835	0.024271844660194174	0.06796116504854369	0.012135922330097087	0.038834951456310676	0.055825242718446605	0.0825242718446602	0.038834951456310676	0.043689320388349516	0.06067961165048544	0.03398058252427184	0.06310679611650485	0.08737864077669903	0.0825242718446602	0.08980582524271845	0.02912621359223301	0.019417475728155338
thyme_enz_42	0.0535279805352798	0.0072992700729927005	0.06082725060827251	0.051094890510948905	0.024330900243309004	0.07542579075425791	0.009732360097323601	0.0413625304136253	0.05596107055961071	0.0827250608272506	0.0413625304136253	0.046228710462287104	0.05596107055961071	0.0413625304136253	0.06082725060827251	0.0827250608272506	0.07785888077858881	0.08759124087591241	0.029197080291970802	0.014598540145985401
thyme_enz_43	0.0535279805352798	0.0072992700729927005	0.058394160583941604	0.051094890510948905	0.024330900243309004	0.072992700729927	0.009732360097323601	0.0413625304136253	0.0535279805352798	0.0827250608272506	0.0364963503649635	0.051094890510948905	0.0535279805352798	0.0413625304136253	0.06326034063260341	0.0851581508515815	0.0827250608272506	0.08759124087591241	0.029197080291970802	0.014598540145985401
thyme_enz_44	0.04918032786885246	0.01366120218579235	0.05737704918032787	0.06557377049180328	0.030054644808743168	0.04644808743169399	0.02459016393442623	0.06557377049180328	0.040983606557377046	0.07923497267759563	0.02459016393442623	0.04918032786885246	0.04644808743169399	0.04918032786885246	0.08469945355191257	0.08469945355191257	0.07650273224043716	0.06557377049180328	0.01912568306010929	0.0273224043715847
thyme_enz_45	0.023255813953488372	0.011627906976744186	0.06976744186046512	0.0872093023255814	0.01744186046511628	0.040697674418604654	0.023255813953488372	0.06395348837209303	0.046511627906976744	0.09302325581395349	0.03488372093023256	0.05813953488372093	0.05232558139534884	0.0755813953488372	0.0755813953488372	0.0755813953488372	0.05813953488372093	0.05232558139534884	0.01744186046511628	0.023255813953488372
thyme_enz_46	0.046747967479674794	0.008130081300813009	0.054878048780487805	0.07317073170731707	0.028455284552845527	0.07113821138211382	0.012195121951219513	0.03861788617886179	0.06300813008130081	0.08333333333333333	0.032520325203252036	0.03861788617886179	0.054878048780487805	0.032520325203252036	0.06910569105691057	0.08943089430894309	0.07926829268292683	0.08536585365853659	0.024390243902439025	0.014227642276422764
thyme_enz_47	0.05339805825242718	0.007281553398058253	0.05825242718446602	0.05339805825242718	0.024271844660194174	0.06796116504854369	0.009708737864077669	0.0412621359223301	0.055825242718446605	0.08495145631067962	0.03640776699029126	0.0412621359223301	0.05825242718446602	0.03398058252427184	0.06310679611650485	0.08980582524271845	0.08495145631067962	0.09223300970873786	0.02912621359223301	0.014563106796116505
thyme_enz_48	0.04819277108433735	0.00963855421686747	0.06506024096385542	0.04819277108433735	0.021686746987951807	0.06506024096385542	0.01927710843373494	0.03614457831325301	0.06506024096385542	0.09156626506024096	0.03614457831325301	0.05060240963855422	0.04819277108433735	0.03132530120481928	0.05783132530120482	0.0963855421686747	0.07710843373493977	0.0891566265060241	0.02650602409638554	0.016867469879518072
thyme_enz_49	0.05314009661835749	0.007246376811594203	0.06038647342995169	0.050724637681159424	0.026570048309178744	0.07004830917874397	0.012077294685990338	0.033816425120772944	0.05555555555555555	0.0821256038647343	0.036231884057971016	0.043478260869565216	0.05555555555555555	0.033816425120772944	0.06280193236714976	0.09420289855072464	0.08695652173913043	0.09178743961352658	0.028985507246376812	0.014492753623188406
thyme_enz_50	0.06746987951807229	0.00963855421686747	0.05783132530120482	0.05783132530120482	0.02650602409638554	0.06746987951807229	0.012048192771084338	0.04096385542168675	0.05542168674698795	0.07951807228915662	0.03614457831325301	0.05301204819277108	0.04578313253012048	0.033734939759036145	0.06265060240963856	0.09879518072289156	0.06987951807228916	0.0819277108433735	0.02891566265060241	0.014457831325301205
thyme_enz_51	0.05060240963855422	0.00963855421686747	0.06506024096385542	0.04819277108433735	0.021686746987951807	0.06506024096385542	0.01927710843373494	0.03614457831325301	0.06506024096385542	0.08674698795180723	0.03614457831325301	0.05301204819277108	0.04819277108433735	0.03132530120481928	0.05783132530120482	0.0963855421686747	0.07710843373493977	0.0891566265060241	0.02650602409638554	0.016867469879518072
thyme_enz_52	0.06506024096385542	0.012048192771084338	0.05783132530120482	0.05542168674698795	0.02650602409638554	0.07228915662650602	0.014457831325301205	0.04096385542168675	0.05542168674698795	0.07951807228915662	0.03614457831325301	0.05301204819277108	0.043373493975903614	0.033734939759036145	0.06265060240963856	0.09397590361445783	0.07228915662650602	0.0819277108433735	0.02891566265060241	0.014457831325301205
thyme_enz_53	0.04819277108433735	0.00963855421686747	0.06265060240963856	0.05060240963855422	0.021686746987951807	0.06506024096385542	0.01927710843373494	0.03855421686746988	0.060240963855421686	0.0891566265060241	0.03614457831325301	0.05542168674698795	0.04819277108433735	0.03132530120481928	0.05783132530120482	0.09879518072289156	0.07228915662650602	0.09156626506024096	0.02650602409638554	0.016867469879518072
thyme_enz_54	0.057971014492753624	0.00966183574879227	0.05555555555555555	0.05555555555555555	0.024154589371980676	0.06763285024154589	0.016908212560386472	0.04106280193236715	0.06280193236714976	0.07971014492753623	0.033816425120772944	0.050724637681159424	0.04589371980676329	0.03140096618357488	0.06038647342995169	0.10386473429951691	0.0748792270531401	0.08454106280193237	0.028985507246376812	0.014492753623188406
thyme_enz_55	0.055248618784530384	0.016574585635359115	0.06629834254143646	0.06077348066298342	0.019337016574585635	0.06353591160220995	0.03038674033149171	0.049723756906077346	0.049723756906077346	0.09944751381215469	0.019337016574585635	0.03867403314917127	0.03591160220994475	0.052486187845303865	0.06906077348066299	0.08011049723756906	0.08011049723756906	0.0718232044198895	0.019337016574585635	0.022099447513812154
thyme_enz_56	0.052486187845303865	0.016574585635359115	0.06629834254143646	0.06077348066298342	0.019337016574585635	0.06629834254143646	0.027624309392265192	0.04419889502762431	0.049723756906077346	0.10220994475138122	0.019337016574585635	0.03867403314917127	0.03591160220994475	0.052486187845303865	0.06906077348066299	0.08011049723756906	0.08287292817679558	0.07458563535911603	0.019337016574585635	0.022099447513812154
thyme_enz_57	0.03488372093023256	0.01744186046511628	0.06395348837209303	0.06395348837209303	0.029069767441860465	0.055232558139534885	0.03197674418604651	0.061046511627906974	0.05813953488372093	0.10174418604651163	0.01744186046511628	0.04941860465116279	0.03488372093023256	0.055232558139534885	0.06686046511627906	0.09011627906976744	0.0755813953488372	0.055232558139534885	0.020348837209302327	0.01744186046511628
thyme_enz_58	0.04918032786885246	0.01912568306010929	0.060109289617486336	0.06830601092896176	0.030054644808743168	0.040983606557377046	0.02459016393442623	0.06557377049180328	0.04371584699453552	0.08196721311475409	0.02459016393442623	0.04918032786885246	0.04371584699453552	0.04644808743169399	0.08196721311475409	0.09016393442622951	0.07377049180327869	0.06284153005464481	0.01912568306010929	0.02459016393442623
thyme_enz_59	0.04918032786885246	0.01912568306010929	0.060109289617486336	0.06830601092896176	0.030054644808743168	0.040983606557377046	0.02185792349726776	0.06830601092896176	0.04371584699453552	0.08196721311475409	0.0273224043715847	0.05191256830601093	0.040983606557377046	0.04644808743169399	0.08196721311475409	0.09016393442622951	0.07103825136612021	0.06284153005464481	0.01912568306010929	0.02459016393442623
thyme_enz_60	0.043478260869565216	0.018633540372670808	0.055900621118012424	0.059006211180124224	0.027950310559006212	0.055900621118012424	0.034161490683229816	0.06521739130434782	0.062111801242236024	0.09006211180124224	0.018633540372670808	0.049689440993788817	0.040372670807453416	0.049689440993788817	0.07453416149068323	0.08385093167701864	0.06832298136645963	0.06521739130434782	0.021739130434782608	0.015527950310559006
thyme_enz_61	0.03345724907063197	0.01858736059479554	0.055762081784386616	0.048327137546468404	0.040892193308550186	0.05947955390334572	0.022304832713754646	0.07434944237918216	0.06319702602230483	0.10408921933085502	0.03345724907063197	0.04460966542750929	0.026022304832713755	0.048327137546468404	0.06691449814126393	0.07063197026022305	0.07806691449814127	0.06691449814126393	0.01858736059479554	0.026022304832713755
thyme_enz_62	0.04716981132075472	0.018867924528301886	0.06132075471698113	0.07075471698113207	0.02358490566037736	0.05660377358490566	0.0330188679245283	0.07547169811320754	0.04716981132075472	0.08018867924528301	0.02358490566037736	0.05188679245283019	0.02358490566037736	0.04245283018867924	0.08490566037735849	0.07075471698113207	0.07075471698113207	0.0660377358490566	0.02830188679245283	0.02358490566037736
thyme_enz_63	0.04716981132075472	0.02358490566037736	0.06132075471698113	0.07075471698113207	0.02358490566037736	0.05660377358490566	0.0330188679245283	0.07547169811320754	0.04716981132075472	0.08018867924528301	0.02358490566037736	0.05188679245283019	0.02358490566037736	0.04245283018867924	0.08018867924528301	0.07075471698113207	0.07075471698113207	0.0660377358490566	0.02830188679245283	0.02358490566037736
thyme_enz_64	0.02564102564102564	0.008547008547008548	0.06837606837606838	0.08547008547008547	0.02564102564102564	0.02564102564102564	0.042735042735042736	0.08547008547008547	0.05128205128205128	0.10256410256410256	0.042735042735042736	0.06837606837606838	0.05128205128205128	0.03418803418803419	0.07692307692307693	0.05982905982905983	0.042735042735042736	0.05982905982905983	0.008547008547008548	0.03418803418803419
thyme_enz_65	0.037383177570093455	0.009345794392523364	0.07476635514018691	0.04672897196261682	0.018691588785046728	0.056074766355140186	0.04672897196261682	0.06542056074766354	0.028037383177570093	0.07476635514018691	0.018691588785046728	0.06542056074766354	0.018691588785046728	0.056074766355140186	0.09345794392523364	0.08411214953271028	0.09345794392523364	0.06542056074766354	0.018691588785046728	0.028037383177570093
thyme_enz_66	0.05339805825242718	0.007281553398058253	0.055825242718446605	0.05339805825242718	0.024271844660194174	0.07281553398058252	0.012135922330097087	0.03640776699029126	0.055825242718446605	0.0825242718446602	0.03640776699029126	0.043689320388349516	0.06067961165048544	0.03398058252427184	0.05825242718446602	0.08980582524271845	0.0825242718446602	0.09466019417475728	0.03155339805825243	0.014563106796116505
thyme_enz_67	0.04819277108433735	0.00963855421686747	0.06506024096385542	0.04819277108433735	0.021686746987951807	0.06506024096385542	0.01927710843373494	0.03614457831325301	0.06746987951807229	0.0891566265060241	0.03614457831325301	0.04819277108433735	0.04819277108433735	0.03132530120481928	0.05542168674698795	0.0963855421686747	0.07710843373493977	0.09156626506024096	0.02650602409638554	0.01927710843373494
thyme_enz_68	0.06265060240963856	0.00963855421686747	0.05783132530120482	0.05301204819277108	0.02650602409638554	0.0746987951807229	0.014457831325301205	0.04096385542168675	0.05542168674698795	0.07951807228915662	0.03614457831325301	0.05301204819277108	0.043373493975903614	0.033734939759036145	0.06265060240963856	0.0963855421686747	0.0746987951807229	0.0819277108433735	0.02891566265060241	0.014457831325301205
thyme_enz_69	0.06481481481481481	0.018518518518518517	0.05555555555555555	0.08333333333333333	0.018518518518518517	0.05555555555555555	0.027777777777777776	0.1111111111111111	0.046296296296296294	0.09259259259259259	0.018518518518518517	0.05555555555555555	0.037037037037037035	0.009259259259259259	0.08333333333333333	0.037037037037037035	0.06481481481481481	0.046296296296296294	0.037037037037037035	0.037037037037037035
thyme_enz_70	0.06481481481481481	0.018518518518518517	0.05555555555555555	0.09259259259259259	0.018518518518518517	0.05555555555555555	0.027777777777777776	0.1111111111111111	0.05555555555555555	0.09259259259259259	0.018518518518518517	0.05555555555555555	0.037037037037037035	0.009259259259259259	0.08333333333333333	0.037037037037037035	0.05555555555555555	0.037037037037037035	0.037037037037037035	0.037037037037037035
thyme_enz_71	0.04918032786885246	0.01912568306010929	0.060109289617486336	0.06830601092896176	0.030054644808743168	0.040983606557377046	0.02459016393442623	0.06557377049180328	0.04371584699453552	0.08196721311475409	0.02459016393442623	0.04918032786885246	0.04371584699453552	0.04644808743169399	0.08196721311475409	0.09016393442622951	0.07377049180327869	0.06284153005464481	0.01912568306010929	0.02459016393442623
thyme_enz_72	0.055288461538461536	0.009615384615384616	0.0625	0.04807692307692308	0.026442307692307692	0.07692307692307693	0.01201923076923077	0.040865384615384616	0.057692307692307696	0.08173076923076923	0.038461538461538464	0.04567307692307692	0.057692307692307696	0.03125	0.0625	0.08653846153846154	0.07932692307692307	0.08413461538461539	0.028846153846153848	0.014423076923076924
thyme_enz_73	0.055288461538461536	0.009615384615384616	0.0625	0.04807692307692308	0.028846153846153848	0.07451923076923077	0.01201923076923077	0.040865384615384616	0.055288461538461536	0.07932692307692307	0.038461538461538464	0.04807692307692308	0.057692307692307696	0.03125	0.06490384615384616	0.0889423076923077	0.07932692307692307	0.08413461538461539	0.028846153846153848	0.01201923076923077
thyme_enz_74	0.043478260869565216	0.019021739130434784	0.06521739130434782	0.059782608695652176	0.024456521739130436	0.06793478260869565	0.024456521739130436	0.04619565217391304	0.04619565217391304	0.09239130434782608	0.019021739130434784	0.04076086956521739	0.03260869565217391	0.05434782608695652	0.07608695652173914	0.08695652173913043	0.08152173913043478	0.07880434782608696	0.019021739130434784	0.021739130434782608
thyme_enz_75	0.04607046070460705	0.02168021680216802	0.06504065040650407	0.05962059620596206	0.02168021680216802	0.07046070460704607	0.024390243902439025	0.04878048780487805	0.04607046070460705	0.0921409214092141	0.018970189701897018	0.04065040650406504	0.032520325203252036	0.05420054200542006	0.07588075880758807	0.08401084010840108	0.07859078590785908	0.07859078590785908	0.018970189701897018	0.02168021680216802
thyme_enz_76	0.048295454545454544	0.017045454545454544	0.0625	0.06818181818181818	0.017045454545454544	0.07670454545454546	0.019886363636363636	0.05397727272727273	0.045454545454545456	0.09090909090909091	0.02556818181818182	0.03977272727272727	0.03125	0.05397727272727273	0.06818181818181818	0.07954545454545454	0.08522727272727272	0.07386363636363637	0.019886363636363636	0.022727272727272728
thyme_enz_77	0.051630434782608696	0.019021739130434784	0.059782608695652176	0.07336956521739131	0.04076086956521739	0.04891304347826087	0.02717391304347826	0.05434782608695652	0.04891304347826087	0.08423913043478261	0.021739130434782608	0.04619565217391304	0.03804347826086957	0.043478260869565216	0.08423913043478261	0.08152173913043478	0.06793478260869565	0.06793478260869565	0.019021739130434784	0.021739130434782608
thyme_enz_78	0.04619565217391304	0.019021739130434784	0.059782608695652176	0.07336956521739131	0.035326086956521736	0.04619565217391304	0.029891304347826088	0.0625	0.051630434782608696	0.08695652173913043	0.021739130434782608	0.043478260869565216	0.03804347826086957	0.04619565217391304	0.08423913043478261	0.07608695652173914	0.06793478260869565	0.07065217391304347	0.019021739130434784	0.021739130434782608
thyme_enz_79	0.04619565217391304	0.019021739130434784	0.0625	0.07065217391304347	0.03804347826086957	0.04619565217391304	0.02717391304347826	0.057065217391304345	0.051630434782608696	0.08152173913043478	0.024456521739130436	0.043478260869565216	0.03804347826086957	0.04619565217391304	0.08423913043478261	0.08152173913043478	0.06793478260869565	0.07336956521739131	0.019021739130434784	0.021739130434782608
thyme_enz_80	0.015873015873015872	0.007936507936507936	0.09523809523809523	0.05555555555555555	0.015873015873015872	0.05555555555555555	0.007936507936507936	0.023809523809523808	0.06349206349206349	0.07142857142857142	0.031746031746031744	0.05555555555555555	0.03968253968253968	0.023809523809523808	0.07936507936507936	0.07142857142857142	0.07936507936507936	0.1349206349206349	0.047619047619047616	0.023809523809523808
thyme_enz_81	0.052884615384615384	0.009615384615384616	0.0625	0.04807692307692308	0.026442307692307692	0.07692307692307693	0.01201923076923077	0.040865384615384616	0.057692307692307696	0.08173076923076923	0.038461538461538464	0.04567307692307692	0.057692307692307696	0.03125	0.0625	0.0889423076923077	0.07932692307692307	0.08413461538461539	0.028846153846153848	0.014423076923076924
thyme_enz_82	0.055288461538461536	0.009615384615384616	0.0625	0.04807692307692308	0.028846153846153848	0.07451923076923077	0.01201923076923077	0.040865384615384616	0.055288461538461536	0.07932692307692307	0.038461538461538464	0.04807692307692308	0.057692307692307696	0.03125	0.06490384615384616	0.08653846153846154	0.08173076923076923	0.08413461538461539	0.028846153846153848	0.01201923076923077
thyme_enz_83	0.055288461538461536	0.009615384615384616	0.0625	0.04807692307692308	0.026442307692307692	0.07932692307692307	0.01201923076923077	0.040865384615384616	0.055288461538461536	0.07932692307692307	0.038461538461538464	0.04807692307692308	0.057692307692307696	0.03125	0.06490384615384616	0.08173076923076923	0.08173076923076923	0.08413461538461539	0.028846153846153848	0.014423076923076924
thyme_enz_84	0.043478260869565216	0.019021739130434784	0.06521739130434782	0.059782608695652176	0.024456521739130436	0.06793478260869565	0.024456521739130436	0.04619565217391304	0.04619565217391304	0.09239130434782608	0.019021739130434784	0.04076086956521739	0.029891304347826088	0.05434782608695652	0.07608695652173914	0.08967391304347826	0.08152173913043478	0.07880434782608696	0.019021739130434784	0.021739130434782608
thyme_enz_85	0.04607046070460705	0.02168021680216802	0.06233062330623306	0.05962059620596206	0.02168021680216802	0.07046070460704607	0.02710027100271003	0.04878048780487805	0.04607046070460705	0.0921409214092141	0.018970189701897018	0.04065040650406504	0.02981029810298103	0.05420054200542006	0.07588075880758807	0.08672086720867209	0.07859078590785908	0.07859078590785908	0.018970189701897018	0.02168021680216802
thyme_enz_86	0.04336043360433604	0.02168021680216802	0.06233062330623306	0.05962059620596206	0.02168021680216802	0.06775067750677506	0.024390243902439025	0.04878048780487805	0.04607046070460705	0.0921409214092141	0.018970189701897018	0.04336043360433604	0.02981029810298103	0.05420054200542006	0.07588075880758807	0.0921409214092141	0.07859078590785908	0.07859078590785908	0.018970189701897018	0.02168021680216802
thyme_enz_87	0.06666666666666667	0.014285714285714285	0.06190476190476191	0.05476190476190476	0.02857142857142857	0.0880952380952381	0.014285714285714285	0.04047619047619048	0.05476190476190476	0.0880952380952381	0.030952380952380953	0.0380952380952381	0.05714285714285714	0.02619047619047619	0.06190476190476191	0.08095238095238096	0.06428571428571428	0.08571428571428572	0.02619047619047619	0.016666666666666666
thyme_enz_88	0.06682027649769585	0.016129032258064516	0.06451612903225806	0.0576036866359447	0.03225806451612903	0.08755760368663594	0.013824884792626729	0.03686635944700461	0.052995391705069124	0.08986175115207373	0.029953917050691243	0.03686635944700461	0.055299539170506916	0.027649769585253458	0.06221198156682028	0.08064516129032258	0.059907834101382486	0.08755760368663594	0.02534562211981567	0.016129032258064516
thyme_enz_89	0.06682027649769585	0.016129032258064516	0.06451612903225806	0.0576036866359447	0.03456221198156682	0.08755760368663594	0.013824884792626729	0.03917050691244239	0.052995391705069124	0.08986175115207373	0.029953917050691243	0.03686635944700461	0.055299539170506916	0.027649769585253458	0.06221198156682028	0.08064516129032258	0.0576036866359447	0.08525345622119816	0.02534562211981567	0.016129032258064516
thyme_enz_90	0.06651376146788991	0.01834862385321101	0.06422018348623854	0.05504587155963303	0.03669724770642202	0.0871559633027523	0.013761467889908258	0.0389908256880734	0.05504587155963303	0.08486238532110092	0.02981651376146789	0.0389908256880734	0.052752293577981654	0.03211009174311927	0.05733944954128441	0.07568807339449542	0.05963302752293578	0.08944954128440367	0.02522935779816514	0.01834862385321101
thyme_enz_91	0.06855791962174941	0.009456264775413711	0.05673758865248227	0.061465721040189124	0.02127659574468085	0.08747044917257683	0.02127659574468085	0.0425531914893617	0.0591016548463357	0.08983451536643026	0.028368794326241134	0.037825059101654845	0.05200945626477541	0.026004728132387706	0.05200945626477541	0.09219858156028368	0.061465721040189124	0.08983451536643026	0.02364066193853428	0.018912529550827423
thyme_enz_92	0.05825242718446602	0.007281553398058253	0.06310679611650485	0.050970873786407765	0.02669902912621359	0.07524271844660194	0.012135922330097087	0.043689320388349516	0.055825242718446605	0.08009708737864078	0.03398058252427184	0.04854368932038835	0.055825242718446605	0.02912621359223301	0.06553398058252427	0.08495145631067962	0.08009708737864078	0.08495145631067962	0.02912621359223301	0.014563106796116505
thyme_enz_93	0.0440771349862259	0.01928374655647383	0.06611570247933884	0.06336088154269973	0.024793388429752067	0.06887052341597796	0.024793388429752067	0.05234159779614325	0.05509641873278237	0.0881542699724518	0.024793388429752067	0.03856749311294766	0.03305785123966942	0.05509641873278237	0.06887052341597796	0.08264462809917356	0.07713498622589532	0.07162534435261708	0.01928374655647383	0.02203856749311295
thyme_enz_94	0.04582210242587601	0.018867924528301886	0.05929919137466307	0.07547169811320754	0.03504043126684636	0.0431266846361186	0.026954177897574125	0.05390835579514825	0.05660377358490566	0.08355795148247978	0.0215633423180593	0.0431266846361186	0.04043126684636118	0.0431266846361186	0.08355795148247978	0.08355795148247978	0.07277628032345014	0.07277628032345014	0.018867924528301886	0.0215633423180593
thyme_enz_95	0.07125890736342043	0.009501187648456057	0.0688836104513064	0.052256532066508314	0.0332541567695962	0.09026128266033254	0.019002375296912115	0.047505938242280284	0.05463182897862233	0.08076009501187649	0.040380047505938245	0.04513064133016627	0.052256532066508314	0.030878859857482184	0.05938242280285035	0.0688836104513064	0.06175771971496437	0.07363420427553444	0.026128266033254157	0.014251781472684086
