#	A	C	D	E	F	G	H	I	K	L	M	N	P	Q	R	S	T	V	W	Y
A._hypogaea_l._(AhFatA)	0.05917159763313609	0.014792899408284023	0.0650887573964497	0.07692307692307693	0.014792899408284023	0.07396449704142012	0.023668639053254437	0.05917159763313609	0.04142011834319527	0.09467455621301775	0.026627218934911243	0.038461538461538464	0.029585798816568046	0.03550295857988166	0.08579881656804733	0.0621301775147929	0.05917159763313609	0.08284023668639054	0.020710059171597635	0.03550295857988166
Arabidopsis_thaliana	0.055825242718446605	0.009708737864077669	0.06310679611650485	0.04854368932038835	0.024271844660194174	0.07524271844660194	0.012135922330097087	0.04611650485436893	0.05339805825242718	0.08009708737864078	0.03398058252427184	0.04854368932038835	0.05339805825242718	0.03155339805825243	0.06796116504854369	0.0825242718446602	0.0825242718446602	0.08737864077669903	0.02912621359223301	0.014563106796116505
Auxenochlorella_protothecoides	0.15286624203821655	0.01592356687898089	0.03184713375796178	0.07006369426751592	0.01910828025477707	0.07961783439490445	0.03821656050955414	0.022292993630573247	0.01910828025477707	0.0732484076433121	0.03184713375796178	0.044585987261146494	0.050955414012738856	0.03821656050955414	0.08917197452229299	0.04777070063694268	0.04777070063694268	0.08598726114649681	0.028662420382165606	0.012738853503184714
Brassica_juncea_(BjFatB1)	0.04573170731707317	0.009146341463414634	0.0701219512195122	0.057926829268292686	0.018292682926829267	0.07317073170731707	0.012195121951219513	0.04573170731707317	0.04878048780487805	0.09146341463414634	0.04573170731707317	0.036585365853658534	0.036585365853658534	0.036585365853658534	0.0701219512195122	0.07317073170731707	0.07317073170731707	0.0975609756097561	0.036585365853658534	0.021341463414634148
Brassica_juncea_(BjFatB2)	0.04573170731707317	0.009146341463414634	0.07317073170731707	0.06097560975609756	0.018292682926829267	0.07317073170731707	0.012195121951219513	0.04573170731707317	0.04573170731707317	0.09146341463414634	0.04573170731707317	0.039634146341463415	0.03353658536585366	0.036585365853658534	0.07317073170731707	0.07317073170731707	0.07317073170731707	0.09451219512195122	0.036585365853658534	0.018292682926829267
Brassica_juncea_(BjFatB3)	0.04573170731707317	0.009146341463414634	0.0701219512195122	0.057926829268292686	0.018292682926829267	0.0701219512195122	0.012195121951219513	0.04573170731707317	0.04573170731707317	0.09146341463414634	0.04573170731707317	0.042682926829268296	0.03353658536585366	0.036585365853658534	0.07317073170731707	0.07621951219512195	0.07621951219512195	0.09451219512195122	0.036585365853658534	0.018292682926829267
Brassica_juncea_(BjFatB4)	0.04573170731707317	0.009146341463414634	0.07317073170731707	0.057926829268292686	0.018292682926829267	0.07317073170731707	0.012195121951219513	0.04573170731707317	0.04878048780487805	0.09146341463414634	0.04878048780487805	0.036585365853658534	0.036585365853658534	0.036585365853658534	0.0701219512195122	0.07317073170731707	0.07317073170731707	0.09451219512195122	0.036585365853658534	0.018292682926829267
Cinnamomum_camphorum	0.04666666666666667	0.016666666666666666	0.06	0.07666666666666666	0.03	0.07333333333333333	0.03333333333333333	0.06	0.04666666666666667	0.08333333333333333	0.02	0.04	0.04666666666666667	0.023333333333333334	0.07	0.08	0.06666666666666667	0.08666666666666667	0.023333333333333334	0.016666666666666666
Cocos_nucifera_(CnFatB1)	0.07384615384615385	0.012307692307692308	0.06461538461538462	0.06461538461538462	0.018461538461538463	0.06769230769230769	0.027692307692307693	0.055384615384615386	0.04	0.09846153846153846	0.03076923076923077	0.036923076923076927	0.04	0.033846153846153845	0.07384615384615385	0.06769230769230769	0.06461538461538462	0.07076923076923076	0.036923076923076927	0.021538461538461538
Cocos_nucifera_(CnFatB2)	0.06060606060606061	0.00909090909090909	0.06363636363636363	0.0696969696969697	0.01818181818181818	0.07878787878787878	0.024242424242424242	0.048484848484848485	0.05454545454545454	0.10303030303030303	0.03333333333333333	0.03939393939393939	0.045454545454545456	0.02727272727272727	0.06666666666666667	0.06363636363636363	0.06363636363636363	0.07878787878787878	0.03333333333333333	0.01818181818181818
Cocos_nucifera_(CnFatB3)	0.057926829268292686	0.018292682926829267	0.0701219512195122	0.054878048780487805	0.024390243902439025	0.07317073170731707	0.039634146341463415	0.039634146341463415	0.04878048780487805	0.07926829268292683	0.04573170731707317	0.036585365853658534	0.036585365853658534	0.03353658536585366	0.07621951219512195	0.0701219512195122	0.04878048780487805	0.09146341463414634	0.036585365853658534	0.018292682926829267
Cuphea_aequipetala_(Ca1FatB1)	0.04143646408839779	0.016574585635359115	0.06077348066298342	0.06629834254143646	0.022099447513812154	0.0718232044198895	0.016574585635359115	0.06629834254143646	0.055248618784530384	0.08011049723756906	0.03591160220994475	0.04419889502762431	0.04419889502762431	0.03591160220994475	0.06629834254143646	0.09116022099447514	0.06906077348066299	0.06906077348066299	0.027624309392265192	0.019337016574585635
Cuphea_aequipetala_(Ca1FatB2)	0.036619718309859155	0.016901408450704224	0.0676056338028169	0.059154929577464786	0.036619718309859155	0.0676056338028169	0.014084507042253521	0.04507042253521127	0.05352112676056338	0.08732394366197183	0.04225352112676056	0.036619718309859155	0.04507042253521127	0.036619718309859155	0.07323943661971831	0.09295774647887324	0.07605633802816901	0.0676056338028169	0.02535211267605634	0.01971830985915493
Cuphea_avigera_(Ca2FatB2)	0.03611111111111111	0.016666666666666666	0.06111111111111111	0.06388888888888888	0.025	0.06944444444444445	0.022222222222222223	0.05555555555555555	0.06388888888888888	0.09444444444444444	0.027777777777777776	0.044444444444444446	0.04722222222222222	0.030555555555555555	0.06388888888888888	0.09444444444444444	0.08055555555555556	0.058333333333333334	0.022222222222222223	0.022222222222222223
Cuphea_carthagenesis_(CcFatB)	0.0443213296398892	0.013850415512465374	0.060941828254847646	0.06371191135734072	0.024930747922437674	0.0664819944598338	0.024930747922437674	0.05817174515235457	0.04709141274238227	0.08310249307479224	0.038781163434903045	0.055401662049861494	0.04155124653739612	0.030470914127423823	0.07756232686980609	0.09141274238227147	0.07202216066481995	0.060941828254847646	0.027700831024930747	0.01662049861495845
Cuphea_decandra_(Cd1FatB1)	0.04419889502762431	0.008287292817679558	0.06629834254143646	0.06629834254143646	0.022099447513812154	0.07458563535911603	0.019337016574585635	0.049723756906077346	0.055248618784530384	0.09116022099447514	0.03314917127071823	0.052486187845303865	0.055248618784530384	0.03314917127071823	0.06629834254143646	0.07734806629834254	0.06353591160220995	0.07734806629834254	0.03038674033149171	0.013812154696132596
Cuphea_hookeriana(short)_(ChFatB2)	0.039634146341463415	0.01524390243902439	0.06402439024390244	0.057926829268292686	0.024390243902439025	0.0701219512195122	0.021341463414634148	0.057926829268292686	0.06097560975609756	0.09451219512195122	0.03353658536585366	0.042682926829268296	0.03353658536585366	0.03353658536585366	0.06707317073170732	0.08841463414634146	0.07317073170731707	0.07926829268292683	0.021341463414634148	0.021341463414634148
Cuphea_hookeriana_(ChFatB1)	0.042134831460674156	0.008426966292134831	0.06741573033707865	0.0702247191011236	0.02247191011235955	0.07865168539325842	0.016853932584269662	0.05056179775280899	0.05337078651685393	0.08707865168539326	0.03651685393258427	0.047752808988764044	0.06179775280898876	0.033707865168539325	0.06460674157303371	0.06741573033707865	0.06179775280898876	0.07865168539325842	0.03089887640449438	0.019662921348314606
Cuphea_leptopoda_(Cl1FatB1)	0.04735376044568245	0.013927576601671309	0.06406685236768803	0.06685236768802229	0.025069637883008356	0.06406685236768803	0.022284122562674095	0.05013927576601671	0.05013927576601671	0.08913649025069638	0.03064066852367688	0.0584958217270195	0.036211699164345405	0.03064066852367688	0.07799442896935933	0.08635097493036212	0.07520891364902507	0.06685236768802229	0.025069637883008356	0.019498607242339833
Cuphea_leptopoda_(Cl2FatB2)	0.038781163434903045	0.013850415512465374	0.0664819944598338	0.055401662049861494	0.0221606648199446	0.06925207756232687	0.019390581717451522	0.05263157894736842	0.04986149584487535	0.0886426592797784	0.0332409972299169	0.055401662049861494	0.038781163434903045	0.0332409972299169	0.06371191135734072	0.10526315789473684	0.07479224376731301	0.07479224376731301	0.027700831024930747	0.01662049861495845
Cuphea_leptopoda_(Cl3FatB1)	0.05	0.008333333333333333	0.06388888888888888	0.07222222222222222	0.027777777777777776	0.07222222222222222	0.016666666666666666	0.05277777777777778	0.05555555555555555	0.08888888888888889	0.03333333333333333	0.05	0.05277777777777778	0.03611111111111111	0.06388888888888888	0.07222222222222222	0.06666666666666667	0.07222222222222222	0.030555555555555555	0.013888888888888888
Cuphea_leptopoda_(Cl4FatB1)	0.0443213296398892	0.013850415512465374	0.0664819944598338	0.055401662049861494	0.0221606648199446	0.06925207756232687	0.019390581717451522	0.04986149584487535	0.04986149584487535	0.09141274238227147	0.0332409972299169	0.060941828254847646	0.036011080332409975	0.0332409972299169	0.0664819944598338	0.09695290858725762	0.07756232686980609	0.06925207756232687	0.027700831024930747	0.01662049861495845
Cuphea_palustris(long)_(CpFatB2)	0.04024767801857585	0.018575851393188854	0.06811145510835913	0.06501547987616099	0.02476780185758514	0.07430340557275542	0.018575851393188854	0.06501547987616099	0.05572755417956656	0.08359133126934984	0.034055727554179564	0.04024767801857585	0.03715170278637771	0.034055727554179564	0.07120743034055728	0.07120743034055728	0.07120743034055728	0.07739938080495357	0.02786377708978328	0.021671826625386997
Cuphea_palustris_(CpFatB1)	0.03470031545741325	0.01892744479495268	0.0694006309148265	0.06309148264984227	0.03470031545741325	0.0694006309148265	0.015772870662460567	0.05362776025236593	0.056782334384858045	0.08201892744479496	0.04416403785488959	0.03470031545741325	0.03785488958990536	0.03470031545741325	0.07886435331230283	0.07886435331230283	0.07570977917981073	0.0694006309148265	0.025236593059936908	0.022082018927444796
Cuphea_paucipetala_(Cp1FatB1)	0.042134831460674156	0.014044943820224719	0.06460674157303371	0.06460674157303371	0.025280898876404494	0.06179775280898876	0.016853932584269662	0.056179775280898875	0.05056179775280899	0.08426966292134831	0.03089887640449438	0.047752808988764044	0.042134831460674156	0.033707865168539325	0.0702247191011236	0.09550561797752809	0.08146067415730338	0.07303370786516854	0.028089887640449437	0.016853932584269662
Cuphea_viscosissima_(CvFatB1)	0.03614457831325301	0.015060240963855422	0.06626506024096386	0.0572289156626506	0.02108433734939759	0.06325301204819277	0.024096385542168676	0.060240963855421686	0.05421686746987952	0.08433734939759036	0.0391566265060241	0.05120481927710843	0.03313253012048193	0.030120481927710843	0.06626506024096386	0.09337349397590361	0.08433734939759036	0.07228915662650602	0.030120481927710843	0.018072289156626505
Cuphea_viscosissima_(CvFatB2)	0.05167173252279635	0.00911854103343465	0.06990881458966565	0.08206686930091185	0.02127659574468085	0.06990881458966565	0.015197568389057751	0.04559270516717325	0.0547112462006079	0.0911854103343465	0.0364741641337386	0.04559270516717325	0.0486322188449848	0.030395136778115502	0.0729483282674772	0.06990881458966565	0.057750759878419454	0.07598784194528875	0.030395136778115502	0.02127659574468085
Cuphea_viscosissima_(CvFatB3)	0.043209876543209874	0.015432098765432098	0.06790123456790123	0.06790123456790123	0.027777777777777776	0.05864197530864197	0.015432098765432098	0.05246913580246913	0.05246913580246913	0.08333333333333333	0.030864197530864196	0.046296296296296294	0.037037037037037035	0.030864197530864196	0.07407407407407407	0.08641975308641975	0.07407407407407407	0.08641975308641975	0.030864197530864196	0.018518518518518517
Cuphea_viscosisssima_(CvB2MT1	0.06516290726817042	0.007518796992481203	0.06265664160401002	0.06265664160401002	0.03007518796992481	0.07518796992481203	0.015037593984962405	0.045112781954887216	0.06265664160401002	0.08771929824561403	0.03007518796992481	0.047619047619047616	0.06766917293233082	0.03007518796992481	0.06516290726817042	0.08521303258145363	0.05764411027568922	0.06265664160401002	0.02506265664160401	0.015037593984962405
Cuphea_viscosisssima_(CvB2MT10	0.06516290726817042	0.007518796992481203	0.06265664160401002	0.06265664160401002	0.03007518796992481	0.07518796992481203	0.015037593984962405	0.047619047619047616	0.06265664160401002	0.08771929824561403	0.03007518796992481	0.045112781954887216	0.06766917293233082	0.03007518796992481	0.06516290726817042	0.08521303258145363	0.05764411027568922	0.06265664160401002	0.02506265664160401	0.015037593984962405
Cuphea_viscosisssima_(CvB2MT11	0.06516290726817042	0.007518796992481203	0.06015037593984962	0.06265664160401002	0.03007518796992481	0.07518796992481203	0.015037593984962405	0.045112781954887216	0.06265664160401002	0.08521303258145363	0.03007518796992481	0.05012531328320802	0.06766917293233082	0.03007518796992481	0.06516290726817042	0.08521303258145363	0.05764411027568922	0.06516290726817042	0.02506265664160401	0.015037593984962405
Cuphea_viscosisssima_(CvB2MT12	0.06516290726817042	0.007518796992481203	0.06265664160401002	0.06265664160401002	0.03258145363408521	0.07518796992481203	0.015037593984962405	0.045112781954887216	0.06265664160401002	0.08521303258145363	0.03007518796992481	0.047619047619047616	0.06766917293233082	0.03007518796992481	0.06516290726817042	0.08521303258145363	0.05764411027568922	0.06265664160401002	0.02506265664160401	0.015037593984962405
Cuphea_viscosisssima_(CvB2MT13	0.06516290726817042	0.007518796992481203	0.06265664160401002	0.06265664160401002	0.02756892230576441	0.07518796992481203	0.015037593984962405	0.045112781954887216	0.06265664160401002	0.09022556390977443	0.03007518796992481	0.045112781954887216	0.06766917293233082	0.03007518796992481	0.06516290726817042	0.08521303258145363	0.05764411027568922	0.06516290726817042	0.02506265664160401	0.015037593984962405
Cuphea_viscosisssima_(CvB2MT14	0.06265664160401002	0.007518796992481203	0.06015037593984962	0.06265664160401002	0.03007518796992481	0.07518796992481203	0.015037593984962405	0.045112781954887216	0.06265664160401002	0.08521303258145363	0.03007518796992481	0.05012531328320802	0.07017543859649122	0.03007518796992481	0.06516290726817042	0.08521303258145363	0.05764411027568922	0.06516290726817042	0.02506265664160401	0.015037593984962405
Cuphea_viscosisssima_(CvB2MT15	0.06516290726817042	0.007518796992481203	0.06265664160401002	0.06265664160401002	0.03258145363408521	0.07518796992481203	0.015037593984962405	0.047619047619047616	0.06265664160401002	0.08521303258145363	0.03007518796992481	0.045112781954887216	0.06766917293233082	0.03007518796992481	0.06516290726817042	0.08521303258145363	0.05764411027568922	0.06265664160401002	0.02506265664160401	0.015037593984962405
Cuphea_viscosisssima_(CvB2MT16	0.06516290726817042	0.007518796992481203	0.06265664160401002	0.06265664160401002	0.03007518796992481	0.07518796992481203	0.015037593984962405	0.045112781954887216	0.06265664160401002	0.09022556390977443	0.03007518796992481	0.045112781954887216	0.06766917293233082	0.03007518796992481	0.06516290726817042	0.08521303258145363	0.05764411027568922	0.06265664160401002	0.02506265664160401	0.015037593984962405
Cuphea_viscosisssima_(CvB2MT17)	0.06265664160401002	0.007518796992481203	0.06015037593984962	0.06265664160401002	0.03258145363408521	0.07518796992481203	0.015037593984962405	0.042606516290726815	0.06265664160401002	0.08521303258145363	0.03007518796992481	0.05012531328320802	0.07017543859649122	0.03007518796992481	0.06516290726817042	0.08521303258145363	0.05764411027568922	0.06516290726817042	0.02506265664160401	0.015037593984962405
Cuphea_viscosisssima_(CvB2MT18	0.06516290726817042	0.007518796992481203	0.06265664160401002	0.06265664160401002	0.03258145363408521	0.07518796992481203	0.015037593984962405	0.045112781954887216	0.06265664160401002	0.08771929824561403	0.03007518796992481	0.045112781954887216	0.06766917293233082	0.03007518796992481	0.06516290726817042	0.08521303258145363	0.05764411027568922	0.06265664160401002	0.02506265664160401	0.015037593984962405
Cuphea_viscosisssima_(CvB2MT19	0.06265664160401002	0.007518796992481203	0.06265664160401002	0.06265664160401002	0.03007518796992481	0.07518796992481203	0.015037593984962405	0.047619047619047616	0.06015037593984962	0.08771929824561403	0.03007518796992481	0.045112781954887216	0.06766917293233082	0.03258145363408521	0.06516290726817042	0.08771929824561403	0.05764411027568922	0.06265664160401002	0.02506265664160401	0.015037593984962405
Cuphea_viscosisssima_(CvB2MT2	0.06516290726817042	0.007518796992481203	0.06265664160401002	0.06265664160401002	0.03007518796992481	0.07518796992481203	0.015037593984962405	0.045112781954887216	0.06265664160401002	0.08771929824561403	0.03007518796992481	0.047619047619047616	0.06766917293233082	0.03007518796992481	0.06516290726817042	0.08521303258145363	0.05764411027568922	0.06265664160401002	0.02506265664160401	0.015037593984962405
Cuphea_viscosisssima_(CvB2MT20	0.06766917293233082	0.007518796992481203	0.06265664160401002	0.06265664160401002	0.03007518796992481	0.07518796992481203	0.015037593984962405	0.047619047619047616	0.06265664160401002	0.08771929824561403	0.03007518796992481	0.045112781954887216	0.06766917293233082	0.03007518796992481	0.06015037593984962	0.08771929824561403	0.05764411027568922	0.06265664160401002	0.02506265664160401	0.015037593984962405
Cuphea_viscosisssima_(CvB2MT21	0.06265664160401002	0.007518796992481203	0.06015037593984962	0.06265664160401002	0.03007518796992481	0.07518796992481203	0.015037593984962405	0.047619047619047616	0.06265664160401002	0.08521303258145363	0.03007518796992481	0.047619047619047616	0.07017543859649122	0.03007518796992481	0.06516290726817042	0.08521303258145363	0.05764411027568922	0.06516290726817042	0.02506265664160401	0.015037593984962405
Cuphea_viscosisssima_(CvB2MT22	0.06265664160401002	0.007518796992481203	0.06015037593984962	0.06265664160401002	0.03258145363408521	0.07518796992481203	0.015037593984962405	0.045112781954887216	0.06265664160401002	0.08521303258145363	0.03007518796992481	0.05012531328320802	0.07017543859649122	0.03007518796992481	0.06516290726817042	0.08521303258145363	0.05764411027568922	0.06265664160401002	0.02506265664160401	0.015037593984962405
Cuphea_viscosisssima_(CvB2MT23	0.06265664160401002	0.007518796992481203	0.06015037593984962	0.06265664160401002	0.03258145363408521	0.07518796992481203	0.015037593984962405	0.045112781954887216	0.06265664160401002	0.08270676691729323	0.03007518796992481	0.05012531328320802	0.07017543859649122	0.03007518796992481	0.06516290726817042	0.08521303258145363	0.05764411027568922	0.06516290726817042	0.02506265664160401	0.015037593984962405
Cuphea_viscosisssima_(CvB2MT24	0.06265664160401002	0.007518796992481203	0.06015037593984962	0.06265664160401002	0.03007518796992481	0.07518796992481203	0.015037593984962405	0.042606516290726815	0.06265664160401002	0.08771929824561403	0.03007518796992481	0.05012531328320802	0.07017543859649122	0.03007518796992481	0.06516290726817042	0.08521303258145363	0.05764411027568922	0.06516290726817042	0.02506265664160401	0.015037593984962405
Cuphea_viscosisssima_(CvB2MT25)	0.06516290726817042	0.007518796992481203	0.06265664160401002	0.06265664160401002	0.03508771929824561	0.07518796992481203	0.015037593984962405	0.042606516290726815	0.06265664160401002	0.08771929824561403	0.03007518796992481	0.045112781954887216	0.06766917293233082	0.03007518796992481	0.06516290726817042	0.08521303258145363	0.05764411027568922	0.06265664160401002	0.02506265664160401	0.015037593984962405
Cuphea_viscosisssima_(CvB2MT26	0.06516290726817042	0.007518796992481203	0.06265664160401002	0.06265664160401002	0.03508771929824561	0.07518796992481203	0.015037593984962405	0.045112781954887216	0.06265664160401002	0.08771929824561403	0.03007518796992481	0.045112781954887216	0.06766917293233082	0.03007518796992481	0.06516290726817042	0.08521303258145363	0.05764411027568922	0.06015037593984962	0.02506265664160401	0.015037593984962405
Cuphea_viscosisssima_(CvB2MT27	0.06265664160401002	0.007518796992481203	0.06015037593984962	0.06265664160401002	0.03258145363408521	0.07518796992481203	0.015037593984962405	0.047619047619047616	0.06265664160401002	0.08521303258145363	0.03007518796992481	0.047619047619047616	0.07017543859649122	0.03007518796992481	0.06516290726817042	0.08521303258145363	0.05764411027568922	0.06265664160401002	0.02506265664160401	0.015037593984962405
Cuphea_viscosisssima_(CvB2MT28	0.06265664160401002	0.007518796992481203	0.06015037593984962	0.06265664160401002	0.03007518796992481	0.07518796992481203	0.015037593984962405	0.045112781954887216	0.06265664160401002	0.08771929824561403	0.03007518796992481	0.047619047619047616	0.07017543859649122	0.03007518796992481	0.06516290726817042	0.08521303258145363	0.05764411027568922	0.06516290726817042	0.02506265664160401	0.015037593984962405
Cuphea_viscosisssima_(CvB2MT29	0.06265664160401002	0.007518796992481203	0.06015037593984962	0.06265664160401002	0.03508771929824561	0.07518796992481203	0.015037593984962405	0.045112781954887216	0.06265664160401002	0.08270676691729323	0.03007518796992481	0.05012531328320802	0.07017543859649122	0.03007518796992481	0.06516290726817042	0.08521303258145363	0.05764411027568922	0.06265664160401002	0.02506265664160401	0.015037593984962405
Cuphea_viscosisssima_(CvB2MT3	0.06532663316582915	0.007537688442211055	0.06281407035175879	0.06281407035175879	0.02763819095477387	0.07537688442211055	0.01507537688442211	0.04773869346733668	0.06281407035175879	0.08793969849246232	0.03015075376884422	0.04271356783919598	0.0678391959798995	0.03015075376884422	0.06532663316582915	0.08542713567839195	0.05778894472361809	0.06532663316582915	0.02512562814070352	0.01507537688442211
Cuphea_viscosisssima_(CvB2MT30	0.06516290726817042	0.007518796992481203	0.06265664160401002	0.06265664160401002	0.03007518796992481	0.07518796992481203	0.015037593984962405	0.047619047619047616	0.06015037593984962	0.08771929824561403	0.03007518796992481	0.045112781954887216	0.06766917293233082	0.03258145363408521	0.06015037593984962	0.09022556390977443	0.05764411027568922	0.06265664160401002	0.02506265664160401	0.015037593984962405
Cuphea_viscosisssima_(CvB2MT31	0.06265664160401002	0.007518796992481203	0.06015037593984962	0.06265664160401002	0.03508771929824561	0.07518796992481203	0.015037593984962405	0.047619047619047616	0.06265664160401002	0.08270676691729323	0.03007518796992481	0.047619047619047616	0.07017543859649122	0.03007518796992481	0.06516290726817042	0.08521303258145363	0.05764411027568922	0.06265664160401002	0.02506265664160401	0.015037593984962405
Cuphea_viscosisssima_(CvB2MT32	0.06265664160401002	0.007518796992481203	0.06015037593984962	0.06265664160401002	0.03258145363408521	0.07518796992481203	0.015037593984962405	0.042606516290726815	0.06265664160401002	0.08771929824561403	0.03007518796992481	0.05012531328320802	0.07017543859649122	0.03007518796992481	0.06516290726817042	0.08521303258145363	0.05764411027568922	0.06265664160401002	0.02506265664160401	0.015037593984962405
Cuphea_viscosisssima_(CvB2MT33)	0.06265664160401002	0.007518796992481203	0.06015037593984962	0.06265664160401002	0.03508771929824561	0.07518796992481203	0.015037593984962405	0.045112781954887216	0.06265664160401002	0.08521303258145363	0.03007518796992481	0.047619047619047616	0.07017543859649122	0.03007518796992481	0.06516290726817042	0.08521303258145363	0.05764411027568922	0.06265664160401002	0.02506265664160401	0.015037593984962405
Cuphea_viscosisssima_(CvB2MT34)	0.06265664160401002	0.007518796992481203	0.06015037593984962	0.06265664160401002	0.03759398496240601	0.07518796992481203	0.015037593984962405	0.042606516290726815	0.06265664160401002	0.08521303258145363	0.03007518796992481	0.047619047619047616	0.07017543859649122	0.03007518796992481	0.06516290726817042	0.08521303258145363	0.05764411027568922	0.06265664160401002	0.02506265664160401	0.015037593984962405
Cuphea_viscosisssima_(CvB2MT35	0.06265664160401002	0.007518796992481203	0.06015037593984962	0.06265664160401002	0.03759398496240601	0.07518796992481203	0.015037593984962405	0.045112781954887216	0.06265664160401002	0.08521303258145363	0.03007518796992481	0.047619047619047616	0.07017543859649122	0.03007518796992481	0.06516290726817042	0.08521303258145363	0.05764411027568922	0.06015037593984962	0.02506265664160401	0.015037593984962405
Cuphea_viscosisssima_(CvB2MT36	0.06265664160401002	0.007518796992481203	0.06015037593984962	0.06265664160401002	0.040100250626566414	0.07518796992481203	0.015037593984962405	0.042606516290726815	0.06265664160401002	0.08521303258145363	0.03007518796992481	0.047619047619047616	0.07017543859649122	0.03007518796992481	0.06516290726817042	0.08521303258145363	0.05764411027568922	0.06015037593984962	0.02506265664160401	0.015037593984962405
Cuphea_viscosisssima_(CvB2MT37	0.06516290726817042	0.007518796992481203	0.06015037593984962	0.06265664160401002	0.03759398496240601	0.07518796992481203	0.015037593984962405	0.045112781954887216	0.06265664160401002	0.08521303258145363	0.03007518796992481	0.047619047619047616	0.07017543859649122	0.03007518796992481	0.06015037593984962	0.08771929824561403	0.05764411027568922	0.06015037593984962	0.02506265664160401	0.015037593984962405
Cuphea_viscosisssima_(CvB2MT38	0.06516290726817042	0.007518796992481203	0.06015037593984962	0.06265664160401002	0.040100250626566414	0.07518796992481203	0.015037593984962405	0.042606516290726815	0.06265664160401002	0.08521303258145363	0.03007518796992481	0.047619047619047616	0.07017543859649122	0.03007518796992481	0.06015037593984962	0.08771929824561403	0.05764411027568922	0.06015037593984962	0.02506265664160401	0.015037593984962405
Cuphea_viscosisssima_(CvB2MT4	0.06516290726817042	0.007518796992481203	0.06265664160401002	0.06265664160401002	0.03007518796992481	0.07518796992481203	0.015037593984962405	0.045112781954887216	0.06265664160401002	0.08521303258145363	0.03007518796992481	0.047619047619047616	0.06766917293233082	0.03007518796992481	0.06516290726817042	0.08521303258145363	0.05764411027568922	0.06516290726817042	0.02506265664160401	0.015037593984962405
Cuphea_viscosisssima_(CvB2MT40	0.06516290726817042	0.007518796992481203	0.06015037593984962	0.06265664160401002	0.03759398496240601	0.07518796992481203	0.015037593984962405	0.042606516290726815	0.06265664160401002	0.08771929824561403	0.03007518796992481	0.047619047619047616	0.07017543859649122	0.03007518796992481	0.06015037593984962	0.08771929824561403	0.05764411027568922	0.06015037593984962	0.02506265664160401	0.015037593984962405
Cuphea_viscosisssima_(CvB2MT41	0.06265664160401002	0.007518796992481203	0.06015037593984962	0.06265664160401002	0.040100250626566414	0.07769423558897243	0.015037593984962405	0.042606516290726815	0.06265664160401002	0.08521303258145363	0.03007518796992481	0.047619047619047616	0.07017543859649122	0.03007518796992481	0.06265664160401002	0.08521303258145363	0.05764411027568922	0.06015037593984962	0.02506265664160401	0.015037593984962405
Cuphea_viscosisssima_(CvB2MT42	0.06766917293233082	0.007518796992481203	0.06265664160401002	0.06265664160401002	0.03007518796992481	0.07518796992481203	0.015037593984962405	0.05012531328320802	0.06265664160401002	0.08771929824561403	0.03007518796992481	0.045112781954887216	0.06766917293233082	0.03007518796992481	0.06015037593984962	0.08771929824561403	0.05764411027568922	0.06015037593984962	0.02506265664160401	0.015037593984962405
Cuphea_viscosisssima_(CvB2MT43	0.06766917293233082	0.007518796992481203	0.06265664160401002	0.06265664160401002	0.02756892230576441	0.07518796992481203	0.015037593984962405	0.045112781954887216	0.06265664160401002	0.08771929824561403	0.03007518796992481	0.047619047619047616	0.06766917293233082	0.03007518796992481	0.06516290726817042	0.08521303258145363	0.05764411027568922	0.06265664160401002	0.02506265664160401	0.015037593984962405
Cuphea_viscosisssima_(CvB2MT44	0.07017543859649122	0.007518796992481203	0.06265664160401002	0.06265664160401002	0.03007518796992481	0.07518796992481203	0.015037593984962405	0.047619047619047616	0.06265664160401002	0.08771929824561403	0.03007518796992481	0.045112781954887216	0.06766917293233082	0.03007518796992481	0.06015037593984962	0.08771929824561403	0.05764411027568922	0.06015037593984962	0.02506265664160401	0.015037593984962405
Cuphea_viscosisssima_(CvB2MT45	0.06516290726817042	0.007518796992481203	0.06265664160401002	0.06265664160401002	0.03007518796992481	0.07769423558897243	0.015037593984962405	0.047619047619047616	0.06265664160401002	0.08771929824561403	0.03007518796992481	0.045112781954887216	0.06766917293233082	0.03007518796992481	0.06265664160401002	0.08521303258145363	0.05764411027568922	0.06265664160401002	0.02506265664160401	0.015037593984962405
Cuphea_viscosisssima_(CvB2MT47	0.06516290726817042	0.007518796992481203	0.06265664160401002	0.06265664160401002	0.03508771929824561	0.07769423558897243	0.015037593984962405	0.042606516290726815	0.06265664160401002	0.09022556390977443	0.03007518796992481	0.045112781954887216	0.06766917293233082	0.03007518796992481	0.06265664160401002	0.08521303258145363	0.05764411027568922	0.06015037593984962	0.02506265664160401	0.015037593984962405
Cuphea_viscosisssima_(CvB2MT48	0.06766917293233082	0.007518796992481203	0.06265664160401002	0.06265664160401002	0.03007518796992481	0.07518796992481203	0.015037593984962405	0.047619047619047616	0.06265664160401002	0.09022556390977443	0.03007518796992481	0.045112781954887216	0.06766917293233082	0.03007518796992481	0.06015037593984962	0.08771929824561403	0.05764411027568922	0.06015037593984962	0.02506265664160401	0.015037593984962405
Cuphea_viscosisssima_(CvB2MT5	0.06516290726817042	0.007518796992481203	0.06265664160401002	0.06265664160401002	0.02756892230576441	0.07518796992481203	0.015037593984962405	0.042606516290726815	0.06265664160401002	0.09022556390977443	0.03007518796992481	0.047619047619047616	0.06766917293233082	0.03007518796992481	0.06516290726817042	0.08521303258145363	0.05764411027568922	0.06516290726817042	0.02506265664160401	0.015037593984962405
Cuphea_viscosisssima_(CvB2MT6)	0.06516290726817042	0.007518796992481203	0.06265664160401002	0.06265664160401002	0.03007518796992481	0.07518796992481203	0.015037593984962405	0.042606516290726815	0.06265664160401002	0.08771929824561403	0.03007518796992481	0.047619047619047616	0.06766917293233082	0.03007518796992481	0.06516290726817042	0.08521303258145363	0.05764411027568922	0.06516290726817042	0.02506265664160401	0.015037593984962405
Cuphea_viscosisssima_(CvB2MT7	0.06265664160401002	0.007518796992481203	0.06265664160401002	0.06265664160401002	0.02756892230576441	0.07518796992481203	0.015037593984962405	0.045112781954887216	0.06265664160401002	0.08771929824561403	0.03007518796992481	0.047619047619047616	0.07017543859649122	0.03007518796992481	0.06516290726817042	0.08521303258145363	0.05764411027568922	0.06516290726817042	0.02506265664160401	0.015037593984962405
Cuphea_viscosisssima_(CvB2MT8	0.06516290726817042	0.007518796992481203	0.06015037593984962	0.06265664160401002	0.02756892230576441	0.07518796992481203	0.015037593984962405	0.045112781954887216	0.06265664160401002	0.08771929824561403	0.03007518796992481	0.05012531328320802	0.06766917293233082	0.03007518796992481	0.06516290726817042	0.08521303258145363	0.05764411027568922	0.06516290726817042	0.02506265664160401	0.015037593984962405
Cuphea_viscosisssima_(CvB2MT9	0.06516290726817042	0.007518796992481203	0.06265664160401002	0.06265664160401002	0.03007518796992481	0.07518796992481203	0.015037593984962405	0.045112781954887216	0.06265664160401002	0.08521303258145363	0.03007518796992481	0.047619047619047616	0.06766917293233082	0.03007518796992481	0.06516290726817042	0.08521303258145363	0.05764411027568922	0.06516290726817042	0.02506265664160401	0.015037593984962405
Cuphea_viscosisssima_(CvFatB1	0.06516290726817042	0.007518796992481203	0.06015037593984962	0.06265664160401002	0.03508771929824561	0.07518796992481203	0.015037593984962405	0.045112781954887216	0.06015037593984962	0.09022556390977443	0.03007518796992481	0.047619047619047616	0.07017543859649122	0.03258145363408521	0.06015037593984962	0.09022556390977443	0.05764411027568922	0.05513784461152882	0.02506265664160401	0.015037593984962405
Cuphea_viscosisssima_(CvFatB2	0.06516290726817042	0.007518796992481203	0.06265664160401002	0.06265664160401002	0.02756892230576441	0.07518796992481203	0.015037593984962405	0.045112781954887216	0.06265664160401002	0.08771929824561403	0.03007518796992481	0.047619047619047616	0.06766917293233082	0.03007518796992481	0.06516290726817042	0.08521303258145363	0.05764411027568922	0.06516290726817042	0.02506265664160401	0.015037593984962405
Diploknema_butyracea	0.07250755287009064	0.02416918429003021	0.0634441087613293	0.06042296072507553	0.021148036253776436	0.06948640483383686	0.02416918429003021	0.05740181268882175	0.0513595166163142	0.09063444108761329	0.045317220543806644	0.030211480362537766	0.03927492447129909	0.03323262839879154	0.06948640483383686	0.06042296072507553	0.0513595166163142	0.0755287009063444	0.03323262839879154	0.027190332326283987
Elaeis_guineensis	0.07692307692307693	0.012307692307692308	0.06461538461538462	0.06461538461538462	0.018461538461538463	0.07076923076923076	0.027692307692307693	0.055384615384615386	0.04	0.09846153846153846	0.033846153846153845	0.033846153846153845	0.04	0.033846153846153845	0.07384615384615385	0.06461538461538462	0.06461538461538462	0.06769230769230769	0.036923076923076927	0.021538461538461538
Gossypium_hirsutum	0.0634441087613293	0.015105740181268883	0.0634441087613293	0.06646525679758308	0.02416918429003021	0.05740181268882175	0.021148036253776436	0.054380664652567974	0.04833836858006042	0.09365558912386707	0.03927492447129909	0.04833836858006042	0.03927492447129909	0.03625377643504532	0.0634441087613293	0.0755287009063444	0.0634441087613293	0.08157099697885196	0.03323262839879154	0.012084592145015106
Helianthus_Annuus_(HaFatA1)	0.054838709677419356	0.01935483870967742	0.06129032258064516	0.08709677419354839	0.01935483870967742	0.06451612903225806	0.02258064516129032	0.06129032258064516	0.05806451612903226	0.08709677419354839	0.02258064516129032	0.05161290322580645	0.025806451612903226	0.025806451612903226	0.08064516129032258	0.06129032258064516	0.07741935483870968	0.07419354838709677	0.02258064516129032	0.02258064516129032
Helianthus_Annuus_(HaFatB1)	0.04985337243401759	0.008797653958944282	0.08797653958944282	0.05865102639296188	0.026392961876832845	0.09090909090909091	0.017595307917888565	0.04985337243401759	0.05865102639296188	0.07917888563049853	0.03519061583577713	0.03812316715542522	0.03812316715542522	0.03225806451612903	0.06744868035190615	0.05865102639296188	0.05278592375366569	0.09090909090909091	0.03225806451612903	0.026392961876832845
Iris_germanica_1	0.06172839506172839	0.012345679012345678	0.06172839506172839	0.06790123456790123	0.024691358024691357	0.08024691358024691	0.027777777777777776	0.05555555555555555	0.04938271604938271	0.09876543209876543	0.033950617283950615	0.040123456790123455	0.04938271604938271	0.030864197530864196	0.06481481481481481	0.07407407407407407	0.05555555555555555	0.05864197530864197	0.033950617283950615	0.018518518518518517
Iris_germanica_2	0.05864197530864197	0.015432098765432098	0.06172839506172839	0.07407407407407407	0.021604938271604937	0.07098765432098765	0.024691358024691357	0.05864197530864197	0.04938271604938271	0.09259259259259259	0.037037037037037035	0.04938271604938271	0.046296296296296294	0.033950617283950615	0.06481481481481481	0.07098765432098765	0.05555555555555555	0.05864197530864197	0.037037037037037035	0.018518518518518517
Jatropha_curcas	0.0513595166163142	0.00906344410876133	0.06042296072507553	0.07250755287009064	0.021148036253776436	0.07854984894259819	0.015105740181268883	0.06042296072507553	0.03927492447129909	0.10574018126888217	0.03927492447129909	0.04229607250755287	0.045317220543806644	0.027190332326283987	0.07854984894259819	0.06948640483383686	0.05740181268882175	0.07250755287009064	0.03323262839879154	0.021148036253776436
Lindera_communis	0.06406685236768803	0.008356545961002786	0.0584958217270195	0.0807799442896936	0.025069637883008356	0.07799442896935933	0.016713091922005572	0.05013927576601671	0.036211699164345405	0.08356545961002786	0.03899721448467967	0.03064066852367688	0.04456824512534819	0.03064066852367688	0.08356545961002786	0.09192200557103064	0.06406685236768803	0.06963788300835655	0.03064066852367688	0.013927576601671309
Micromonas_pusilla	0.10115606936416185	0.017341040462427744	0.06647398843930635	0.07514450867052024	0.02601156069364162	0.057803468208092484	0.02023121387283237	0.028901734104046242	0.04335260115606936	0.05491329479768786	0.03757225433526012	0.03757225433526012	0.05491329479768786	0.03468208092485549	0.0953757225433526	0.05202312138728324	0.06647398843930635	0.08092485549132948	0.028901734104046242	0.02023121387283237
Physcomitrella_patens	0.07590759075907591	0.009900990099009901	0.04950495049504951	0.06930693069306931	0.0231023102310231	0.06930693069306931	0.0231023102310231	0.0429042904290429	0.036303630363036306	0.07260726072607261	0.056105610561056105	0.04950495049504951	0.026402640264026403	0.0429042904290429	0.0924092409240924	0.0627062706270627	0.052805280528052806	0.0891089108910891	0.026402640264026403	0.0297029702970297
Prunus_sibirica_L._(Siberian	0.07194244604316546	0.007194244604316547	0.05755395683453238	0.05275779376498801	0.023980815347721823	0.08633093525179857	0.011990407673860911	0.05515587529976019	0.050359712230215826	0.10071942446043165	0.026378896882494004	0.047961630695443645	0.050359712230215826	0.03836930455635491	0.05755395683453238	0.08393285371702638	0.06474820143884892	0.07434052757793765	0.026378896882494004	0.011990407673860911
Ricinus_communis	0.04833836858006042	0.00906344410876133	0.06948640483383686	0.0634441087613293	0.021148036253776436	0.0755287009063444	0.015105740181268883	0.06948640483383686	0.03927492447129909	0.09969788519637462	0.03625377643504532	0.045317220543806644	0.045317220543806644	0.030211480362537766	0.08157099697885196	0.0755287009063444	0.054380664652567974	0.06646525679758308	0.03323262839879154	0.021148036253776436
rTE12	0.0391566265060241	0.015060240963855422	0.07228915662650602	0.06325301204819277	0.012048192771084338	0.060240963855421686	0.02108433734939759	0.0572289156626506	0.06325301204819277	0.08433734939759036	0.0391566265060241	0.05120481927710843	0.03614457831325301	0.02108433734939759	0.06927710843373494	0.09337349397590361	0.0783132530120482	0.0783132530120482	0.030120481927710843	0.015060240963855422
rTE15	0.0364741641337386	0.015197568389057751	0.06990881458966565	0.07598784194528875	0.015197568389057751	0.06990881458966565	0.02127659574468085	0.0547112462006079	0.057750759878419454	0.0911854103343465	0.03343465045592705	0.04559270516717325	0.04559270516717325	0.0243161094224924	0.06990881458966565	0.0851063829787234	0.0668693009118541	0.0729483282674772	0.030395136778115502	0.0182370820668693
rTE16	0.045180722891566265	0.009036144578313253	0.06626506024096386	0.060240963855421686	0.02108433734939759	0.060240963855421686	0.02108433734939759	0.05421686746987952	0.05421686746987952	0.0783132530120482	0.0391566265060241	0.04819277108433735	0.03313253012048193	0.030120481927710843	0.06927710843373494	0.09337349397590361	0.08132530120481928	0.08433734939759036	0.030120481927710843	0.02108433734939759
